19 150
3 1 4 0 0 4 3 2 1 0 0 4 3 2 2 4 2 2 2 
5 15 2 14 7 11 
1 14 
4 2 12 8 1 
2 2 11 
5 6 5 6 3 8 
5 17 19 3 11 19 
5 11 8 2 11 8 
1 12 
3 13 9 13 
3 11 13 1 
3 8 16 2 
1 17 
2 1 9 
3 7 12 1 
1 17 
1 13 
3 8 15 1 
5 13 19 16 16 14 
4 3 12 4 6 
5 6 10 18 18 16 
1 8 
1 14 
2 5 18 
1 14 
5 16 5 7 12 12 
1 13 
3 12 10 16 
1 15 
1 19 
2 4 6 
5 5 6 18 10 7 
4 9 4 12 7 
4 13 18 18 10 
3 12 19 18 
1 7 
1 10 
1 18 
1 1 
4 17 8 11 6 
1 8 
2 11 14 
2 3 16 
4 16 15 2 2 
1 7 
4 10 3 13 8 
4 4 12 2 8 
1 8 
3 1 18 10 
5 19 10 15 9 17 
3 6 16 10 
4 4 19 14 19 
2 14 5 
5 11 16 2 2 18 
4 17 1 2 3 
4 13 9 7 17 
3 1 12 14 
5 5 16 19 11 3 
3 5 1 19 
5 11 11 11 8 9 
2 2 15 
5 16 13 11 16 11 
3 17 12 11 
5 17 18 16 16 2 
4 18 17 17 18 
2 16 11 
1 17 
3 5 14 19 
3 11 14 5 
5 10 6 5 4 4 
2 2 4 
5 3 1 3 18 6 
5 2 14 15 2 11 
2 11 8 
1 13 
4 15 10 11 5 
5 10 6 8 3 2 
1 15 
3 7 13 16 
2 8 7 
1 14 
2 12 14 
4 4 14 15 6 
5 19 15 10 10 7 
5 4 19 9 12 4 
1 16 
1 16 
3 15 8 10 
4 2 3 12 9 
5 11 19 9 2 8 
5 15 18 2 1 3 
4 12 15 13 1 
3 1 10 13 
5 5 13 2 18 13 
4 10 11 1 14 
5 6 4 4 15 10 
4 12 2 7 16 
2 4 6 
1 2 
3 8 12 1 
4 19 16 19 17 
1 4 
3 13 11 18 
4 19 2 9 6 
4 2 19 15 8 
1 13 
4 19 9 4 9 
3 8 9 11 
1 11 
5 18 9 11 16 19 
1 19 
4 9 1 15 7 
4 1 12 8 16 
3 6 1 7 
2 12 18 
4 2 4 4 3 
3 19 8 12 
3 8 4 17 
2 13 16 
5 4 10 17 3 14 
4 10 9 18 13 
2 12 14 
5 6 2 2 12 9 
2 17 12 
2 18 13 
4 13 6 18 13 
1 19 
4 17 4 10 17 
3 8 14 4 
4 15 3 4 9 
3 3 1 10 
1 10 
2 4 5 
5 5 8 6 13 14 
4 17 17 11 1 
2 15 7 
2 11 3 
4 11 6 18 8 
1 6 
4 18 11 16 7 
5 2 10 9 13 5 
4 14 6 13 6 
3 12 4 13 
4 10 10 9 11 
1 14 
2 2 1 
5 11 15 12 10 9 
2 4 14 
2 11 17 
2 10 11 
2 7 2 
