24 20
97 306 251 297 261 997 30 956 547 477 479 874 260 686 299 810 640 75 515 121 
537 780 573 295 578 719 583 732 20 896 663 796 837 778 576 41 439 841 217 77 
190 536 945 364 291 753 940 981 626 687 705 676 516 332 172 648 180 322 120 557 
868 173 308 420 244 204 307 64 988 406 165 647 800 356 137 874 973 823 810 607 
529 154 23 159 652 322 927 905 46 695 420 336 752 427 50 186 214 699 29 333 
575 941 109 943 367 77 280 339 969 465 888 434 33 627 540 673 1 635 763 79 
354 616 607 739 119 268 952 977 814 459 505 486 641 176 858 316 655 708 183 767 
315 923 724 280 992 938 309 996 989 840 973 657 257 929 771 515 995 176 455 950 
294 749 272 44 207 512 797 792 3 538 226 646 819 920 51 839 45 195 753 784 
226 577 232 203 478 764 781 286 176 311 577 340 70 514 644 194 459 628 886 668 
923 324 564 934 670 651 167 283 994 374 473 765 686 159 185 955 121 316 882 350 
634 307 507 647 139 770 505 604 966 273 658 724 707 707 132 266 26 590 751 454 
625 730 842 141 527 376 451 626 261 258 892 478 122 271 211 860 870 812 122 17 
671 277 221 407 617 797 34 152 824 677 58 471 95 797 413 393 478 890 32 5 
750 742 405 519 358 388 229 232 10 804 326 447 292 339 61 646 691 383 549 178 
774 938 514 929 933 977 508 473 41 645 295 554 614 791 789 196 844 317 74 695 
676 994 936 384 320 838 835 639 745 720 736 204 364 467 924 99 251 555 28 609 
98 455 391 611 456 105 386 504 452 588 640 256 567 695 134 397 820 229 180 264 
966 552 425 164 451 634 863 722 929 681 846 907 903 405 837 189 49 456 717 717 
429 14 192 997 150 304 685 325 38 35 705 868 521 885 21 268 474 288 487 221 
429 786 813 345 287 666 933 976 946 494 675 783 999 74 169 76 271 84 927 85 
188 259 391 81 943 609 907 799 442 545 521 286 777 977 357 976 52 672 151 537 
276 142 927 723 563 528 187 522 950 581 770 69 860 179 200 798 753 83 438 522 
942 805 270 292 386 435 73 131 976 143 335 108 735 402 518 835 89 212 236 446 
