12 13
489 413 874 199 180 212 137 954 888 389 263 421 191 
907 277 124 443 194 33 633 388 675 767 300 700 894 
843 862 270 673 646 602 561 17 422 104 268 614 826 
918 802 823 158 985 811 7 251 910 496 901 807 932 
97 88 534 722 933 45 478 214 365 656 708 594 847 
44 339 911 870 610 871 768 133 761 409 380 753 577 
737 896 267 921 55 801 10 50 680 551 435 998 790 
643 768 226 78 441 349 791 574 824 458 132 163 113 
775 118 1 571 281 268 971 357 345 191 204 574 785 
935 583 330 686 909 52 654 334 871 677 954 45 37 
442 911 680 990 766 231 400 289 695 796 839 10 560 
845 293 921 65 63 858 787 598 80 346 608 516 625 
