50

2
2 0
161411749 145862910 982110971 2043206430 238334569 678987130 244548319 472531602 1955498759 1001937593 64752877 2144858388 975711470 1044753747 932755389 238252896 315501658 126745194 1955269496 20641032 541054411 221662100 971067453 1976160923 1862448961 2128807042 1151196662 1724993584 1860962632 603040484 370320115 2022374382 748903394 1352431086 1918097164 987237963 2031418216 15161835 1459769565 1839433328 1017099428 1524522443 1836808068

2
2 0
421792542 622079809 83580147 737294200 748825004 2038849643 757935232 1289879415 113028095 1729002685 1118556690 1975477056 1710326080 122269704 1552986993 1423805064 725310188 1923307108 1298695798 1474213582 1128254546 1069309314 313967898 1012189114 1084471149 1773737463 704138794 2101570578 1150776258 393463215 1946897828 1572568801 1015543024 2030477975 162379353 1764368028 1921843970 920314586 906763795 2034872065 501833623 2025320486 1862865474

2
0 4
106542 1268368819 1488481120 725416731 1044192279 639693270 52146665 24963177 1709002585 366114563 1037152291 645990086 2139852027 1741291086 600077016 1143144637 2134754301 399491197 568229790 1002813677 282485524 730609144 619698058 56845847 1650923730 1526461853 2091717912 5273705 1404298691 1807099738 69949761 1404405234 927984909 1558430881 2129821965 1972177188 50640503 34484982 1997140365 1759643088 400599546 886809009 258149527

2
0 4
480616447 858226543 1536112562 467887100 1257717740 2104342353 1470700777 1540203265 687467849 2090398835 1597049112 190907931 1469377041 1541283376 196181636 726192084 1200899467 266131397 2130597318 2128884376 1824562278 2112935635 1953577917 1875202782 2147420618 1803234634 1487362222 400536516 542559995 1745511749 793504441 1023176442 456254645 182133355 1491063542 1713972385 138992060 814280672 1106692002 826459909 757195859 556257466 1017367840

3
2 0 0
2097540843 1213549477 805281337 1150956662 1479680874 788395007 1132357390 1156759505 753846995 938451659 884478639 753783965 594202646 224357213 1154320481 1136762641 1969868963 1947824922 12455436 278639960 2129958277 1503518978 1992612345 121466690 170316002 951820700 947926599 927511862 1508078166 1965294440 1006601114 1458135361 1031360269 1811882451 461608375 363557495 452793811 1593965766 1520317000 1206640806 384933777 257311991 1960424771

3
0 2 0
481669205 967261604 2115899065 304054520 767602878 2128354501 582694480 750077507 1484389831 427823177 871544197 1654705834 1379643877 1819470797 434734048 740238396 1637281589 1441335162 50890109 521158210 1105733966 512498485 884715705 1558527777 2106464251 257549058 617684935 343914380 514861049 430626058 1323050804 996530254 1397887662 1291466221 1300584774 18006892 1272337074 1883279254 768084399 609243257 163618784 1639628597 116465443

3
0 0 4
1311615746 551199491 136017409 801413687 1992534654 186907519 1322571897 950784972 699406004 59803954 361829101 658386607 317353012 979514036 1002300987 832214062 1410140094 177868143 1828744316 660544108 1469334364 981845443 678551000 594187790 717641049 1446635399 1203431048 881259833 938780348 1319896491 277038847 102912446 1871095983 413056256 904326133 1716146989 599963775 79414382 519448313 1299369779 139218337 881277414 1957756386

4
0 0 2 0
1860791450 812573726 1288785411 1123447896 990441869 970046080 1783992004 312292586 1951891523 315059356 906480376 522048924 1761694755 2109911424 1403308758 552991456 1282324268 1680347605 655903902 1005936603 2093403861 1560230036 574599944 545883989 1639644418 1094048257 1845253768 1778862755 1975325671 1655526507 87950457 1688633473 320616585 1376735868 664597721 1311058454 199298300 301106077 1623351040 3706175 616165433 382347769 525755100

4
0 2 0 0
344775545 1929063858 783367996 1627099813 1461927815 1439271899 485552768 1407848028 852018287 1060152712 1953732017 344179057 6717321 1651502138 2123041813 1982042992 1159544997 63508622 1523192817 1480161582 1440244490 40306890 643736388 1639542791 341412967 119603781 1643248966 957578400 501951550 21520418 1187954941 846727095 1950584276 1971322937 326343261 1265028443 1263111188 811896029 525392824 2115129475 1872048742 331641193 311824885

4
0 0 2 0
1983143331 287383050 1713325408 995204680 350891672 1089034577 327882614 1791136162 1129341468 971619003 1283195305 1470754435 1091222784 778960624 280849188 1593174334 800481042 1468804129 292417781 603581671 1292643418 618761042 1868610114 408270959 1430657072 246519290 375916786 1155222166 578160484 687741671 886504581 413820167 975124721 452346341 1409024848 1326016393 1541380919 1736907462 969668908 523238739 561042817 105380565 1993993174

4
0 0 2 0
884341189 127358714 1097956287 1684822232 1596162843 1390374069 140920255 741322614 2009135111 2009530369 1149593573 1292308535 108566012 1525510359 300047053 686726496 65768383 1186551635 1100546663 1040893104 1638897976 362087863 219425850 1032795247 2098995326 1189094758 1556033986 512554495 1294475323 1402543513 17336449 31332865 1529902227 1115292736 1716155097 978581423 358183157 1857075352 1719904037 219834621 1719122073 722013962 1512143156

5
0 0 0 2 0
100040673 1812190210 366930933 165809056 851258197 1467477597 1206702161 342672525 1829565460 1426128011 1375467773 1781077138 467739121 784018111 146147986 1762214444 39077976 163484435 1793547309 1568980204 1278777171 1362218758 400077979 1636960329 1071810462 2119982016 1856794950 643448888 694512330 1221454458 323653325 794553003 886161020 690584259 960362060 1737419217 10578208 19580573 2080091743 1840143668 1445708584 1308075868 1473737159

5
0 0 0 2 0
2092093979 1619885145 1528178501 2131171956 1783369580 1174242163 1552668512 914663103 388977273 1952746491 404139784 1460787736 1925244859 113451086 2104236624 472273541 1334905545 280406301 1266826544 73582917 970990560 79704956 1811002135 981568768 99285529 1743610230 674228789 1544994113 904202450 482300 1310958170 848812781 1620367445 691653024 832501089 1256253377 1865895187 237685953 23432832 107388812 42948796 427572617 1568176548

5
0 0 0 2 0
541023703 1524929524 292983548 1875929248 1805335826 1559810093 1949512166 628842738 1639515049 1613030653 1610411507 1738800579 1209157235 137156648 1136311044 2113359685 137638948 299785567 814688818 1758006393 991438591 1647189908 866776122 709850130 1884875861 890208954 817238942 1927824658 1317781571 237931843 1748534665 1858805275 1762861367 2041518214 1587250875 1420713545 1453844659 1389279393 2049556284 945876060 854826398 1512484143 537192991

5
0 0 2 0 0
1649640791 1673504036 2029859670 1787279739 1973289603 697064841 1397802484 817244546 196771101 117094958 1527094676 2081646962 1007303912 196849970 1861987972 177601836 434781813 1463038990 2036407111 50159533 1357073556 1476174338 1470873078 663434567 717970084 1372945714 1609310627 1572796482 737946209 2146503619 1489296468 240103352 1672524007 1371672490 2027383091 1498329962 2068737331 1277701927 168090860 118024784 1394796885 1695185536 52188099

5
2 0 0 0 0
1892035506 1914176071 432218986 179333672 1229731413 321142449 229493205 439321321 1797316787 1700366283 1102755888 367803223 925828350 564582868 1940599706 1663774559 563602839 1282412526 1903877912 88643198 506601368 1783777355 1586973160 427855052 913995635 1755064020 545879836 161308872 1302765908 598067935 415926022 1047317766 364760359 848145008 1226651438 1594491772 1169287457 1456144643 2033813094 819120597 1009027279 989085334 1186923820

5
0 0 0 0 4
1553668202 980039878 1451146540 2117271041 114968756 1207540804 58430591 621570125 843834512 1645403751 1049425177 1757830147 1252984123 1595305013 1919139019 408266383 45889301 187581394 1455584150 410649660 1035726402 534751940 2005141432 57530212 1990896584 1891470878 876650809 852440215 733072565 2063574629 639812196 139257119 896130860 2090958736 109044513 1011099616 1151015893 167475104 1632669741 1994850405 1812878856 534611270 1605196904

5
0 0 0 0 4
2129916284 1376852275 1326645715 28321937 1564433669 634746217 438971597 452676424 1169498157 296629381 510206636 1012911093 40616612 1386857445 1865351308 773689177 1302948426 357679856 912946296 51595638 301154945 1021990809 1062695255 1452170838 1189465914 547881348 1299537595 854861122 1082492619 757250851 1773240453 1064925255 2134103126 952402520 1093247192 1551053148 1587148737 1532218789 2003729572 609163247 1828848170 366452560 1622074340

6
0 0 0 2 0 0
1753310005 1339942001 495670311 908774783 1697621857 1408616608 960370422 1998776802 283123769 2023065677 1303463992 1472589683 423463377 455517939 179967157 1505955996 1212768790 1953207611 423397603 1199388269 758126483 1516644795 602957769 197791573 901379936 459203693 806954820 582744459 825656253 281545512 304725593 431482610 1621487513 800395905 1340257393 1171625723 61528865 153144167 1022918877 344652634 28726196 178899222 1817242318

6
0 0 0 4 0 0
634417161 1997209475 1958145570 1847185952 1802933438 234059526 899090573 413576274 1750704321 1502048342 611367847 504600610 1961252035 1418322667 1087345069 639424640 1699868179 1392070662 1070907250 1173872045 44982919 263680995 198014120 106511784 416825163 1220932997 451164419 445551359 1399832219 120923089 897740933 2034249381 2118132564 708402856 1733951685 1773582355 942462382 485558610 39674981 545683055 1987606952 651042828 1050283665

6
0 0 0 0 4 0
2069365495 2137628734 293316331 1621750026 1382215749 1364223581 648138423 1427198668 1627904576 846152543 1533710453 2044729739 2067085541 1984874872 342797451 1319434112 2105797961 1240538384 1206199845 2076446877 1948941240 792667882 1702545584 743919974 1278226492 1742220565 1289603030 1118349796 245779745 192403047 772241487 167661592 182548134 1065557818 1789411619 1564763883 282297751 290066394 844478903 1910202328 1136218938 230705708 1807448419

6
0 0 0 0 4 0
68096932 2762222 227771295 26411245 1243300607 1433971141 2102858123 1044758199 79155375 1657920059 1788678174 1357381868 1252656977 930797556 328248016 1498436722 1123200603 1100489504 1666098315 1305748737 18563674 1308026286 723028972 300861426 1598092680 1567507876 63580106 586827970 1798213584 1871028525 1642648801 1866310517 1873790748 1870420097 1892721762 969607707 1156907590 1848096237 2014365906 1236062965 1358532649 1655560432 445961185

6
0 0 0 2 0 0
438874340 774209202 1962142700 1562074944 1874698706 1480757367 720340033 1893262380 641300005 1443369006 46640158 91909038 863393234 110220264 678737008 514123170 1981248790 173902162 232950039 1707555890 2044322259 2125671802 529679949 1053746201 1826284391 396562207 142325518 1037333392 2052122640 588286704 1501039370 343513332 1362495906 1315698423 1905588276 1089710964 648972142 478444662 835489696 1290272148 1921813668 882129855 1382181186

6
0 0 0 4 0 0
992350119 2060918194 1151846424 826115261 87336708 1384796464 386187503 2131658967 1362984618 915867452 1037921520 1041785361 1312429660 1180247039 2079118754 1217068652 1768533743 1432674476 1560581984 983546001 600889251 1318686613 2073256965 1249861394 1797131275 761263013 392649894 1571461295 1643392868 1774831080 61700901 488259340 1688265626 1213547325 1314374601 1775602335 450860141 1700562105 1759777654 1813844759 468945909 650215527 708146473

6
0 0 4 0 0 0
1830462566 639781579 850960573 1451512661 2072456055 264058910 287575014 525861659 1582745523 213348331 1775723053 1232393150 974611344 20889299 656370797 470520565 1795720379 718071698 958779905 1336502357 1931619023 125670858 964621044 234995517 1826232963 576915051 2048840276 147695225 1227130578 609503101 1929070794 910109496 1249284680 632547720 214138509 1174257088 896606630 501713523 1700118747 331868505 715061854 1328358152 1564261655

7
0 0 0 0 2 0 0
1349247451 73148804 12710115 997484182 791220502 971490020 186502891 575355877 1097160879 1151123936 810351394 775910194 1728038987 711708023 923605419 807685917 1321211124 705192566 1717795413 423012157 1337740286 1931933922 1597269245 86863268 286163797 1149904344 418731773 1001225651 330778848 1982993428 543415201 1680026299 2056142232 556125317 530026833 699879086 1527615337 716529724 1275234963 477292568 1867653660 2085586358 1253202763

7
0 0 0 0 0 4 0
649810733 29324534 108411268 1971021857 734517100 1826206681 246550366 2072257386 1610656955 1843819611 11637006 1896820752 846240307 430368779 750562755 1177019155 265878559 1293977957 709561806 174537143 1850103274 1239588639 874416229 1230234963 1956118364 2167545 1707527532 1676288376 2087753903 813246647 977013728 590080988 842571181 1085424996 413619197 1577088282 764148030 660169564 1501862020 227321337 356505527 1513499027 2124142090

7
0 0 0 0 0 0 2
1943867806 727221197 232281342 62262718 2021199154 941843149 236799861 1723818780 33948140 1111216091 806570096 1990066504 1113383636 366613980 1518871233 1053653891 1179860627 348401313 1643734879 2022431808 1433826309 2057354076 1452036442 50490691 570039992 806414815 277812029 926545520 172430194 254470471 2129291355 2116298000 981691668 214089049 31077070 855407175 1155932198 267876932 431742307 1189880339 1379093023 1238312403 1032463195

7
0 0 0 0 0 0 4
1604926383 403850780 1398646902 637303362 752252093 894898133 512251523 38594755 804768561 1964287965 89085446 1374808554 623219132 366897475 153870426 795649326 621367946 135678133 764463679 1603059615 349767182 795540749 310983142 1505699381 1063417681 742725449 548096072 295027056 1981037853 1580559267 640020067 1438480588 1984410048 2038666969 2075783951 589178493 786081454 440551826 627773248 1590850016 257356143 716858695 818174922

7
4 0 0 0 0 0 0
1083756170 972045348 1676224602 1705124117 1107723481 293204633 1160700084 1457490663 1088745383 1471683226 815706396 4679416 66925027 1363802468 299706473 2047962880 796878088 939726540 1338959821 633804488 830909862 1267260124 1222982981 1616991316 1707811950 1850756230 1060357684 1965168093 420131277 1878532606 698259721 1503887447 703094306 227000676 1061527916 1810817787 520205309 74744352 1120824803 1608950692 1546427578 1936531199 1613630109

7
0 0 2 0 0 0 0
1152850020 1913336582 1513831838 1949728108 705579474 705308011 436048948 1536489336 1972568135 1659031929 1005997005 1532896437 1362304511 2066354689 1350580883 1782435788 1797403648 2048840604 1138839588 353014306 128357632 52883856 16348446 648562942 127628209 1137173249 110029986 1674055787 926220800 1723660095 1139924745 2079070820 1489513029 506272936 1881315280 47608856 1211580947 169880580 1584098192 1036665435 1828912510 442611549 422078224

7
0 0 0 0 0 0 2
361482591 1772659107 678685514 11402591 1674016064 1817525102 364416897 1802373696 1870408958 380765343 303452990 1998037167 1517938592 413482977 1524609307 296675745 2137143072 517050404 228262917 1479172454 1023323340 2109578198 1526781310 87420640 131975130 963395854 1124086075 1960887640 1406007404 1546164299 857137366 1767489995 1171339759 1535822880 1778892586 697872175 1205864334 2143309483 352762223 928789644 376591179 656215214 779343164

7
0 0 4 0 0 0 0
1069698191 156468823 43721868 1059357615 673519227 271984786 391046421 1696842568 234079336 1917827731 1784263208 366054466 733739938 760865635 179458459 2139747342 159546286 1036595825 1759753689 1330886045 424935057 1391162627 2028758220 1630799391 1386988462 234036796 412105387 1763579641 890252010 1191448551 1510625765 1959950201 1347917374 1554347633 871824168 2021436602 1826332419 1262870590 1570795522 2060411755 1033214673 1207575082 278982574

8
0 0 2 0 0 0 0 0
1968440717 458441033 1759218305 2127987003 1495036858 1371488346 1311389401 1919971915 615167325 1192663973 1403287658 2002155788 1426700769 1815393045 1618251781 169469131 859357949 981393898 2129419332 59791675 388257884 853759853 2081228277 67106655 2116630443 1504540151 2127518411 1002361468 564631585 259017337 621832432 385588654 717458370 233567089 366092010 65011580 1605055436 1677481411 1984983495 72739113 722661736 1240787505 2074894901

8
0 4 0 0 0 0 0 0
908696902 1545663035 171347989 1768054851 379573285 153283674 1827846527 767831169 1007043527 1761591156 834937825 976190322 1118647660 814972588 1978551790 1683279245 1073989925 452900574 2068867900 1791448295 686467664 287476262 1856459875 144039452 1964957673 1693959722 216778565 540135761 787263579 144189819 542014619 1695960481 1689852854 713362609 1316531685 2069426139 866646283 996894564 689773661 1873689810 611002072 1524711486 702396484

8
2 0 0 0 0 0 0 0
192200426 533464626 1265445330 1266190351 986365201 1186829582 910154998 1672832865 1474305844 619131225 1816872317 1291779869 165607299 2033650882 1831915630 952870878 30357053 226446602 501347711 1720209907 939809211 1817879396 1642152399 1806455494 667290312 184442412 1532661656 1278292385 1709153898 87574492 860458469 1901354324 621039118 2125903799 1020061027 1607404319 1165249733 1930216025 1132753536 492071929 401863602 802142205 1783851798

8
0 0 0 0 2 0 0 0
688309440 1468283781 1520341779 718666493 1694730383 2021689490 291392753 487055946 1692085239 1933545152 146027792 211891903 2117987564 1678689448 1490184288 1679657814 1766263940 203159110 1433528490 239819410 181579261 306105869 1847223730 1346828995 88838246 832493618 1838900924 490701848 1634635824 1475269075 1058172749 175461616 796069208 431030880 894128109 343315943 305236722 1185520862 830371889 1997321961 971582366 976399681 61730217

8
2 0 0 0 0 0 0 0
507605481 1551914505 474260448 126385773 1755073615 1907788938 366205183 1936652877 66411159 65945265 1135998224 155249405 898438884 827415500 645951253 385591060 155200927 1704124002 561052676 951270135 2135154882 1455180785 1294586078 292907957 493218000 2124957967 142746270 1464800366 953874000 204476487 259403001 1461479481 1756390993 733663449 1587865254 1363980960 493968740 1954070438 1153150189 560379899 2020015703 141664765 715629305

8
0 0 0 0 4 0 0 0
969080266 1361580558 1156561999 1124281193 918220913 1717614675 2075551329 905892147 1025311813 1222653759 1198800104 1518529813 1200128079 1341546375 835846531 6518431 1546022862 1095249532 1467997913 1154930207 1828912982 908379519 371427520 175398074 714966309 1524577709 735777973 587498365 1666242475 1451407278 1358469304 487839093 665504189 367547656 1612120286 1583725102 2085162331 1540187967 342133601 962990496 615358079 1540933706 334036661

8
2 0 0 0 0 0 0 0
734996433 1169883193 1822004589 133535647 117649077 1142518854 1288465855 1946562059 2050898374 1659893375 2121960133 618381035 1036987436 710254459 1205879400 555746263 14178089 416865057 1043585356 679682278 784412713 508221995 115923732 722091396 2048409962 458057334 1685081893 516284393 1998991040 2019118554 184286903 586503825 1041518099 2006291493 720039472 1159167177 1001326699 2008505327 958245588 904741425 1520915054 932722074 1523122461

9
0 0 0 4 0 0 0 0 0
1642976533 581518213 966165106 1657154622 998383270 2009750463 189353253 1782795983 370488810 305276985 357403732 271415124 763334319 2042485625 787699518 614841711 1914120531 971986421 1201345536 808154983 830794266 1921385009 1967322160 1832120966 1782406688 778084100 589378743 1155838095 1710806174 2112501204 1566256938 1206299059 546535770 384938396 715970034 1544919040 247205211 905323287 1180231376 617694021 1210600272 1537635108 889109146

9
4 0 0 0 0 0 0 0 0
1432637085 1676808664 441292655 1199273968 501311437 1642638192 2007428951 1332105704 1416539553 1827267463 1016743022 1051462593 457867916 1606121765 59817040 21190442 1571139322 1626073978 1227489502 2117675092 2011012375 1943459536 1515110484 110733938 701299175 547858212 728427960 1911899447 2085493320 1617537106 1738350391 1370646757 1146862122 32159399 422437078 1648173559 1674797591 282382381 832795615 943853496 2109649845 1849538637 1995316089

9
0 0 0 4 0 0 0 0 0
1308176755 2055133130 441224555 731832429 1533723460 1668714057 702023873 1397252187 1464689945 69650709 1507986126 18505472 617508922 88930438 1930404920 555518594 1706467544 1521271663 1926165352 705846018 1553431062 201118782 206535929 1080745005 483501163 1039331545 2024598501 445667360 741386534 1872430943 865701473 2049563289 1780080425 1306926029 633912070 1166320237 828156438 1335935943 416088777 145362736 1405586653 1924074903 163868208

9
0 0 0 0 0 0 0 0 2
2013005341 2094273128 431130521 1571989237 1468061144 209812225 130351607 874008558 410931007 336887536 1954753564 894432171 1376219081 1831868417 1340099531 2117605616 1556815712 58317357 2019685257 1189412489 1365243386 506113680 208249079 45916176 1842049623 624337856 191278912 1100152628 400929111 355147121 975764555 266450804 301936601 1406895077 1838440041 1769997745 1616707302 1968791648 496522656 2027638310 158195536 303792572 774586833

9
0 0 0 2 0 0 0 0 0
2135660989 2114686364 1504536586 1544993054 25520073 1376738195 586921895 1390763459 1882851875 795170974 1436679636 1577417851 1419508830 1627958548 530086831 1820437941 1983105669 1505851387 2086888745 137558623 765262816 1777845138 1907556368 234486470 1599153138 256595376 114641132 1757348675 560387948 889227965 1144279645 548565290 856430682 501332583 2093558344 881950755 1878070778 532996591 125230567 1613439006 1328167566 1561910203 1043373209

9
4 0 0 0 0 0 0 0 0
1042385103 1573460040 273147042 878007125 931827779 212552139 1015565748 1697090595 1990397278 775638468 1931577066 1442066768 1032233845 2046218198 1051931795 1592621793 787962516 48727792 2141187083 1644393198 550060375 2087261779 378860305 280647506 472774723 504090872 1894086512 1800942289 2066001075 789976073 253651389 960902531 215952465 526798431 1838909656 1147780245 739350571 706991756 697387192 582264201 1482630224 481480610 2024330969

9
0 0 0 2 0 0 0 0 0
380215161 928779117 1960002215 1168177677 977506909 1953705650 665087227 1527567285 1893483782 1043947532 1808214791 218774857 1548038405 1554817655 2019717146 1466555832 197310080 125884887 279974715 413262545 652683319 2118884371 1561042790 1392033890 678392479 110946335 1974298091 13539056 592426945 1851145412 380919477 972642106 632440881 193438044 2140819783 1609947791 2147143695 658423362 990031428 1893143829 1702370895 650762571 2111918686

9
2 0 0 0 0 0 0 0 0
58096578 1984152184 421997836 255406658 2110037071 701972552 668669203 615236742 673373275 82228346 2007270632 1351765755 193174681 1834085075 1365304811 785601626 1537746840 1746224288 1758243733 22704073 1939662333 1751579868 1632651864 1939322380 262519583 475199644 1684982561 1964890478 1125962215 1649417599 920332482 1184058793 1486086135 1342330318 1439465451 1448639558 2044302870 2108134655 2063876301 570192498 42879353 1923663285 1921958253

9
0 0 0 0 0 0 0 4 0
1610264713 1139779416 1021655660 1000527905 738520056 632415745 1023231978 530698741 236511966 508400195 322537473 499031549 983599839 2007520034 316438379 2109562055 1509453985 1236770861 1146137200 848056472 431617531 438119004 149212383 328436754 398770011 65605036 898629252 441649364 1989268321 673103857 677703398 1452049386 1812883273 1699359058 305093643 403919681 184291156 1328325622 934618423 420803122 1836725817 1257155896 919834671

9
2 0 0 0 0 0 0 0 0
1117192283 1236273050 634920415 479162620 325560263 1781057616 1327219093 757177794 71692972 1476431476 1085614548 470462983 1542036512 1984243800 912112347 1383821185 509864009 1589815745 688386924 175263634 1141691155 993480567 579183316 1325982311 174322541 1513801739 1746785433 2011048358 623473987 519136456 536406719 1740666270 1755409506 1171327134 72345243 2080969769 804901102 1399564336 690663916 876594074 728512164 1776278464 1347057057
