115

6
011111

6
111111

6
111011

6
011110

6
001010

10
1111111001

10
1100001111

10
0010010110

10
0101011000

10
1100101111

10
1010100101

10
0100110010

10
1101011000

10
1111111111

10
0100011100

20
11110010101010001001

20
11111011001100101110

20
01010011100011000001

20
11100111101010110011

20
10111001000110111100

20
10000010000110000010

20
11011101000110001000

20
00100001110000000101

20
01110000101100110101

20
00100001011101011010

20
00100111010011010100

20
00010110011000011100

20
10101001101011100000

20
10010000001101010100

20
01011010000000000011

20
00010001100000101010

20
01100001010010011011

20
01110100110101000000

20
10101000010111001000

20
00100000011001000100

20
11111101100011101101

20
11011111000101001001

20
01011000100101100001

20
01101010100111010111

20
01101110100111101101

20
10110110011110111001

20
10000010101110101110

20
00100010110011010101

20
11100101000000100111

20
00100001101011101010

20
01011110010111001001

20
01110010101010110011

20
10000101011110000011

20
01010001011011000001

20
10001100011110111100

20
11101100101000110111

20
10100101110001011000

20
00111001100010101101

20
00111011001011011101

20
01010011100111010011

20
00000011101101101110

20
01001100001111010011

20
10111010100010100010

20
10110011010101101011

20
01111001001000010010

20
01111101001011110111

20
01000000011111001001

20
10011001100100100111

20
00110010011110000110

20
11110011111111110010

83
00000000000000010000001000000001000000001101000000010000000010100000000000001001000

96
000000011000000001001000001000000000100000000000101000000000000101110010001000010000100000000000

85
0010010100000101000000000000010000000100000000101000000010000001010000000000100000100

96
000011000011110001001100101000000000010000010001000000000000001001000000000000001000001100001000

85
0010000001100000110000101001010000001010010100000010000000000100010000000001001001001

87
000011000000000010000000000001000000110000000100010100010100000001000010100000010100000

86
10100000000000000010000000001000010001010010000100010001010000010010000010000101010000

85
1110100000010000001100000000000000001101000000000000000000000010000000010011000000001

99
000001000111000010000000000000010000010000010001000000000000010000100000000000000010000000000000000

89
00000100000000000001000011000000000001000000000000000000000000001001100010001000000000010

83
10010000000000000100000100000000000001000001011000000100000100010010011000000010100

84
001001000000010010000100000000000100010000000000000101000101000000000000010000100010

82
0000010000000100001000100100110010100001000100100000010000000000010001010000011100

94
0100000000101010000001100000000010001000000100010000100100000100000011010001000010000000010000

95
00000010100100000000001000000000000100010010101100000000000001000000000000000000100000000000000

92
00000100011000000000010001000100000010100000100000010000010001000100000010000000000110000001

98
00001000001100001010001000001000000000000000001100010000000000000000100000100010000000001000000000

87
100000000101100010000000101010100001001000000000100010000000001000010000100010000010010

85
1000010110001100000000100000001000000011000000100000010101000000000101010000110000000

100
0000001000000000000010000001010000101101000000000000100000010100100000001100010010010100000000100000

94
0001101000100000000010001000100000000000000000101010001000000100100000010010000000000100100001

93
000000000100001000000010000010000000100001000010000100001000000000000000000100000000000000000

95
00000110001000001110000010000010010000000000010001000000000000000001000000001001000000000000000

92
00010000011100000001000000000000001000000000000000001010001000100010000100000000000010000000

98
11000000000010000011000000000101000010000001101000000000000000110000000010000000000000001000000001

97
0000011000000110000000000101001000000100001010000010000100000000100000000000000000000000101000000

92
00000000001100000000010000000100001010000000000011000110000010100000000100000110000000100000

98
10000000000001000010000000000010001000001000100010000000000000000000000010100000010010000000000000

87
000100000111000000001000100000010011001000100001010000000000001000100110000010000000011

87
101000010100000001000001000000000100010001010010000000000010000010010000011000010001000

94
0000000000000000011000000000000010000000000000000000000100010000001000000000001110000000001000

92
00100010000000010001000000000000000100010000010000100000001000101010000000010000100110001010

86
00100010100000001000000001010100001100000001110000000000000000100000000110101000010110

82
0010000000001001100000000001000001001000101000001010000000000001110000010000010001

100
0000100000000000000100000101100000000000000001000000000000000010000000001000001010000010000000000000

85
0001100101000010000010100000000000000000101100100000001000010000001100001001000010001

85
0010000000010000110000100000010010100000000000000001101010000000000010101000000001001

100
0000000010010001100100000000100000010100000000010000001000000000000000100000001000000010001001010000

80
00001000000001001001000000001000000000001000000000000010000100000000000010010111

90
100000000000000100100000000100000001001000000100000000000000010000010000000000100000001000

98
00110000000010000011000110000000000000001000000000100000000000000000000110000011000000000001001000

87
010010010000010000000100001000110000001000000100010000000010000000110000010011000000110

91
0001001000010000001100000000001000000100001000000000000000010000000000000000000000100000000

94
0100000000000000010000100000000000001001001001000000000011000000000000000101001000000100000000

84
000000000001000000000010001010100000100010010100100000100000000000001010000000000000

90
000000000001000111100000000000000000000000101000001000000000000000100011100000000111000000

90
001000000010000000010010101000000000100010000001001000000000000001001101100000001000001000

97
0100000000000000000001000000001000000000000000100000001000000000000000000000001000010010011000000

90
000000100110000000000000100110100001000011010001000001100001000100000000100000010000000000

83
00000010100000000000000001000000000010000010000000000100011100000000000000000000010
