10
47 83 36 102
64 26 19 70
6 25 16 31
69 34 39 85
91 89 78 150
95 59 11 111
62 44 23 80
29 34 96 104
22 15 74 79
86 62 8 105
17 44 16 50
12 44 26 51
37 33 78 93
35 72 14 80
84 84 47 128
16 57 59 82
6 75 88 116
22 89 85 124
4 32 17 37
5 41 31 50
66 35 96 122
34 67 17 76
87 17 35 96
9 34 43 54
3 1 29 30
75 8 63 97
99 54 30 117
95 54 4 108
24 14 68 74
77 90 88 146
97 71 81 145
24 62 13 66
3 14 82 84
41 31 5 50
55 72 57 108
79 87 49 126
56 5 43 71
17 79 11 80
40 83 79 122
28 52 5 58
55 86 35 108
41 49 81 102
91 78 56 133
31 1 9 31
77 83 21 116
7 79 74 107
31 14 57 67
47 3 76 88
70 76 42 112
90 79 3 118
90 41 88 133
1 7 89 88
54 8 95 110
84 54 81 127
67 9 78 104
66 16 20 69
40 100 17 110
89 83 55 132
57 78 6 97
92 11 66 112
66 11 48 83
8 87 87 122
13 73 90 117
43 90 45 108
50 54 58 94
67 41 45 89
91 42 72 124
47 56 62 94
53 70 90 126
32 59 12 67
16 59 23 66
60 67 43 98
18 10 40 45
15 35 89 95
59 93 95 146
95 4 16 95
58 10 7 60
61 35 61 92
50 34 95 113
56 22 69 90
26 1 18 32
20 78 23 82
54 85 73 125
56 30 87 106
72 45 59 104
93 65 97 148
22 99 97 141
48 89 91 135
86 65 45 117
45 53 17 70
40 78 30 93
9 55 13 56
72 2 55 91
88 70 56 124
77 98 66 142
13 82 93 123
69 98 48 130
97 35 15 103
98 97 77 158
67 14 38 77
12 86 41 97
