10
11
)(()(((()()
3
()(
1
)
4
()()
16
))())))))((())()
19
)))()))()()())(((((
9
)))(())()
14
)))(((()())())
14
)())((())))(()
1000
))(())(())))(((())()))()(())((()))()))))())())(()(()()()((()()()(()()(()))()(((((())(((()(()((()))))()))))((((())(()((((((()))())()))(((())))))))())()((()()())()())(()))()((()(())()((()(()(())()()(()())()((())()(((((()()()((((())(()))(())(())())(((()()))()(((())))())))()))))()())()(((()(()(())))()))(())()()(())))()))(()())()((()()()((()(()((((())))())))()((((())(()()()(((()())()()))))))())))()(((((()((())((((((()())((()))()()))()((((((())(()()(())(()(()((())()))(()((()))(()(((())()(((())())))))((()()))((())())(()()((())(((())(()((((())((()(()))()()))))))))(((()()(((())))()((((((()(()(()(((((()))())))()(((()()))(((()(()()))))))(())()((()((())())(())))((()((())))()))())((())(()((()((((()))))(()())))))))()((()))()((()(((()))(((())((()())))((()))))()))((()((()()(((()()()(((()))()()(()))(((()))(()))())()))((()((((()())(((())(((()((())()))((())))((()))())()))()()(((((()()()())(()))()))(()(()))(()((()))((())())())())(((()(())(()))(()))()))((())(((()((((())()(()())(((((()))((((()(())())))(())(
