24 31
3 3 7
3 4 9 12 17 22 24 25 27 30
6 4 7 9 13
8 5 6 7 11
10 1 4 5 9 13
4 1 4 5 6 10 15 17
2 5
6 1 6
7 3 7 8 9
2 5 9 10 14 15
2 3 8 12 14 17 18 23 26
9 2 7 8
3 2 7 9 10 14 16 19 23 24 28
3 2 7 10 13 14 19 24 29 31
9 3 6 11 14 19 23 24
9 5
2 2 6 11 14 19 22 24 26 27 30
5 2 4 7 9 10 15 20 24 27 31
1 4 7 11 12 14 18
7 4 5 10 14 16 21 23 26 30
9 5 10 12 16 21 26 30
10 2 4 7
8 2 3 6 8 11 16 19 24
7 2 7 8 10 13 17 22
5 6 3 2 4 4 6 2 5 1 9 3 2 4 7 10 7 10 2 3 8 8 3 9 2 8 1 5 4 4 3

