474 20 6 8 8 2 
63
84
140
35
100
116
150
67
40
51
23
32
34
70
63
86
83
124
133
45
93
70
104
105
30
6
101
29
1
137
138
46
86
91
34
104
79
35
104
33
2
34
131
121
112
17
148
144
131
129
17
13
58
116
53
13
100
56
59
130
2
84
58
10
117
141
18
22
131
129
60
27
112
46
70
17
37
77
90
20
32
134
15
25
57
58
104
81
91
48
23
12
129
18
128
85
128
118
131
135
109
108
60
150
136
23
14
124
112
29
127
123
18
83
141
88
142
109
15
128
74
20
122
105
114
119
91
5
1
112
31
65
29
149
19
30
145
16
53
135
85
83
81
146
66
79
100
68
134
29
65
109
12
46
67
142
72
120
44
103
19
121
72
94
81
29
123
73
87
108
17
124
130
46
82
146
133
91
126
65
98
66
67
111
124
3
117
109
133
100
76
19
97
7
1
48
48
147
66
18
98
2
78
90
78
114
111
145
70
124
44
150
23
61
70
148
30
134
61
2
133
24
121
117
124
83
144
100
108
20
41
91
18
10
78
64
52
59
3
144
5
40
3
143
95
11
139
77
65
66
121
136
108
25
68
18
13
103
82
63
33
111
37
17
44
84
25
20
111
24
42
125
105
51
119
127
111
80
143
108
86
97
51
115
96
150
49
58
89
40
86
119
108
88
108
133
83
23
68
72
59
53
34
52
64
26
122
63
53
54
96
146
100
67
75
3
57
69
128
29
99
129
106
26
50
123
44
97
136
123
15
89
32
68
83
103
2
114
8
146
26
22
65
146
22
125
114
132
8
111
118
16
74
24
17
8
10
7
17
8
92
77
75
61
88
99
28
65
20
111
97
99
126
53
133
47
148
133
77
150
3
78
92
31
57
134
104
58
102
98
8
13
130
91
48
48
73
114
144
6
61
63
61
128
63
46
52
9
110
47
96
73
127
21
59
122
142
10
112
35
123
43
71
84
127
45
138
13
22
46
8
22
39
50
83
65
28
113
34
22
8
73
126
27
90
117
83
121
83
13
50
9
20
81
116
146
4
36
28
99
72
70
27
63
147
17
123
97
78
67
124
17
113
85
