20
43 13 31 41 78 92 7 27 85 95 43 63 53 62 55 92 44 80 62 65 
45 78 22 18 17 52 79 19 52 1 96 35 74 40 9 91 38 39 46 46 
45 51 40 77 48 50 68 58 36 80 56 56 69 64 89 42 9 76 67 60 
34 23 43 11 57 62 5 60 6 86 62 50 51 34 56 60 32 99 56 33 
92 35 16 54 18 12 12 61 3 90 6 75 90 65 13 27 36 89 83 97 
33 39 23 25 35 34 4 68 38 48 3 88 77 18 2 76 90 7 64 10 
87 94 86 95 59 59 83 51 12 95 40 25 63 90 80 82 46 99 89 50 
1 90 72 20 58 69 70 84 13 45 2 37 38 24 93 96 6 55 35 40 
69 80 58 44 13 8 55 17 83 79 69 4 90 61 37 3 96 23 8 76 
59 6 20 90 12 7 36 90 70 43 62 64 74 50 54 50 35 81 15 83 
63 56 41 24 12 40 77 83 34 78 20 23 21 81 55 94 52 72 87 61 
24 32 36 93 7 31 32 88 7 73 3 86 53 98 50 53 35 32 15 82 
64 95 42 1 43 39 91 71 90 10 3 2 35 73 1 46 77 83 19 68 
20 59 5 28 10 83 38 91 4 5 57 14 35 37 70 26 52 32 80 95 
31 43 10 4 48 71 45 67 3 100 13 72 23 65 79 92 69 13 6 27 
86 59 41 87 71 58 88 46 20 24 58 29 10 16 21 67 2 2 64 52 
54 68 25 55 6 60 35 82 18 85 82 11 26 57 25 23 23 75 76 58 
20 62 65 93 72 16 40 63 5 94 70 22 53 36 99 49 57 67 83 30 
98 30 86 97 35 88 63 100 19 8 9 89 23 34 89 56 48 53 71 72 
70 26 75 47 8 91 2 83 63 52 13 89 65 9 29 88 22 47 65 24 

