25
41 22 30 26 40 53 36 62 13 51 79 45 65 69 88 27 56 53 9 35 46 17 75 75 42 
84 46 64 32 39 91 1 46 77 95 8 48 31 54 47 6 14 43 29 50 71 11 33 66 93 
84 91 7 97 34 7 60 74 83 77 21 17 23 85 52 91 59 80 64 87 77 41 47 9 88 
2 28 17 46 26 69 38 46 77 76 23 75 92 34 3 5 46 35 52 26 20 10 98 41 66 
87 64 30 32 19 68 2 53 1 69 63 81 98 30 10 92 69 89 26 70 34 98 12 27 8 
1 93 58 86 56 5 17 47 97 48 51 49 19 63 73 71 53 9 87 79 36 29 37 57 20 
82 97 77 12 23 71 66 30 15 91 19 40 40 15 99 40 92 11 75 71 66 80 88 12 89 
16 97 80 86 12 14 21 43 8 23 82 42 99 63 49 20 30 88 19 13 73 54 45 61 68 
12 90 20 55 38 15 50 80 32 71 73 9 95 59 42 84 4 5 22 55 9 32 37 100 87 
43 17 66 54 70 52 29 47 70 59 46 62 48 69 46 48 71 7 55 83 82 42 57 32 100 
71 22 41 98 93 37 46 94 87 64 93 77 36 47 13 18 63 60 61 61 28 23 85 74 84 
35 28 38 48 2 27 67 7 37 27 36 89 24 46 99 48 76 33 69 45 90 51 2 59 74 
93 77 7 66 58 83 87 69 32 84 59 76 16 38 45 40 51 36 88 58 72 78 39 1 88 
86 16 33 79 43 3 24 79 60 57 17 89 2 80 4 56 74 79 15 45 26 34 31 1 68 
55 18 82 43 52 96 39 76 52 41 90 83 92 5 99 78 22 54 81 11 16 17 96 46 81 
98 21 1 56 77 17 30 25 26 85 54 32 97 87 87 26 86 20 92 78 54 93 4 91 13 
5 55 62 56 97 35 33 31 39 25 39 7 99 37 63 20 29 36 75 88 58 12 41 19 49 
17 31 95 89 84 15 72 19 97 38 52 1 49 77 15 33 45 58 80 79 66 76 52 2 24 
20 60 9 42 5 10 29 38 38 19 10 100 47 53 82 21 17 82 9 4 20 81 42 97 9 
82 5 38 28 88 68 18 67 26 52 13 59 40 64 51 36 79 42 7 74 29 29 3 51 42 
49 17 3 63 57 42 9 71 93 78 64 74 39 66 97 5 99 97 47 68 22 77 15 95 28 
1 48 83 45 3 15 91 41 11 5 14 35 90 85 59 82 48 83 99 67 44 41 75 46 2 
44 72 87 22 83 82 99 47 94 84 83 37 65 63 97 54 31 29 49 79 22 27 2 18 94 
34 80 49 47 10 52 45 94 69 51 84 31 18 21 47 36 76 41 86 10 43 56 42 95 22 
49 32 87 87 11 60 4 36 45 60 16 14 71 48 74 62 86 46 99 44 80 47 33 50 96 
