30
23 96 71 38 81 23 63 98 77 51 34 95 40 80 97 19 16 51 86 83 29 93 72 41 44 57 8 34 73 64 
93 20 26 75 67 88 5 93 58 41 39 45 40 77 6 27 89 57 96 94 82 19 76 70 3 19 77 90 17 97 
78 100 83 5 84 73 58 53 34 58 35 14 65 88 43 32 95 18 28 99 17 93 77 66 45 1 93 20 74 17 
32 61 98 56 74 77 47 70 64 68 16 33 3 64 10 25 88 100 72 50 48 52 29 94 12 72 31 10 76 42 
10 73 5 50 16 33 77 41 84 22 50 90 83 91 21 12 24 6 94 64 79 13 37 13 94 23 63 24 61 85 
7 13 47 59 47 12 98 45 17 25 32 17 43 50 35 58 1 97 54 21 42 25 33 89 30 18 9 7 41 67 
77 63 87 63 7 81 11 66 14 98 9 97 13 55 36 93 84 48 44 61 31 29 15 63 29 9 19 26 30 14 
30 85 29 99 75 10 8 57 44 49 82 55 18 12 76 5 28 83 54 99 94 42 53 99 30 1 73 29 73 94 
38 80 71 45 46 13 76 75 20 2 98 77 60 96 91 95 37 38 47 24 73 73 18 8 70 97 70 16 40 57 
87 10 7 82 83 28 61 73 80 41 81 76 30 81 45 62 96 30 92 2 30 39 53 49 64 93 35 73 60 56 
22 61 33 94 66 70 15 97 88 39 99 21 81 39 55 66 85 43 14 4 41 85 4 93 73 64 33 91 84 73 
83 92 82 98 41 61 75 66 50 22 48 55 24 63 41 59 30 96 100 57 16 30 8 72 6 70 63 8 48 90 
18 47 63 5 30 39 84 88 54 57 36 61 73 94 99 35 9 77 42 71 46 7 23 52 69 93 7 93 53 95 
5 52 27 95 21 19 45 52 24 54 46 79 30 14 99 47 85 12 53 4 19 6 4 85 66 9 32 14 72 43 
61 28 97 91 96 71 52 74 58 21 76 28 21 1 52 31 46 90 65 91 5 23 14 70 79 71 6 74 65 10 
8 4 69 95 60 60 1 84 41 61 3 90 69 46 42 29 85 70 38 91 32 76 89 57 55 2 34 70 78 15 
96 89 52 16 11 12 17 38 82 43 19 45 90 56 51 12 33 13 21 76 11 46 37 54 21 31 1 31 100 72 
74 96 40 36 75 86 57 80 8 98 99 55 79 77 76 38 52 53 41 32 80 68 77 28 77 22 9 46 44 93 
53 23 35 76 75 1 21 50 56 81 26 84 39 44 16 46 89 8 26 30 4 50 28 87 51 71 71 68 89 3 
17 40 13 26 21 84 7 14 27 14 4 37 78 31 20 98 22 100 74 62 73 63 60 56 46 77 35 33 19 7 
24 81 47 39 35 1 38 7 34 6 72 36 66 7 25 77 85 78 30 59 73 20 12 11 3 56 100 38 31 90 
74 92 64 96 67 31 65 1 53 31 10 13 65 53 16 15 78 12 61 51 39 58 83 55 75 24 47 20 18 9 
57 8 75 67 56 28 4 44 45 84 39 5 16 11 85 77 79 70 1 100 78 92 46 78 36 25 23 43 5 27 
91 51 67 40 71 75 75 10 62 85 65 44 30 8 29 45 41 75 47 6 39 34 54 44 86 51 44 52 92 55 
21 25 83 99 67 67 41 89 19 100 6 71 91 60 6 18 83 70 84 92 59 45 24 34 3 88 92 16 62 71 
36 94 84 38 59 3 63 16 2 45 46 68 3 70 29 28 30 4 3 10 58 11 33 26 39 84 27 45 99 66 
48 42 34 37 56 59 82 57 76 43 65 42 37 53 26 29 33 41 50 74 45 57 80 46 24 81 48 67 87 80 
76 37 45 86 71 83 54 18 53 77 67 88 23 10 73 40 43 5 60 69 7 59 53 51 66 39 64 99 4 60 
80 84 30 8 69 66 29 29 46 53 71 85 6 20 82 47 88 75 24 6 46 82 81 24 31 28 30 26 96 86 
74 75 48 1 65 84 71 13 100 75 76 75 72 19 78 17 41 37 11 79 11 19 7 35 6 29 15 37 99 85 

