35
73 75 29 97 64 75 95 68 67 1 50 8 25 18 19 97 16 28 3 9 50 97 79 52 29 11 14 53 94 77 83 96 26 52 67 
7 3 79 35 15 29 76 87 6 53 13 34 82 27 18 4 96 83 65 25 37 100 68 16 46 31 43 83 97 13 83 38 56 44 61 
73 23 4 24 17 84 85 25 61 10 60 45 77 21 57 15 37 83 31 94 4 24 26 26 16 71 94 18 55 76 97 78 82 45 50 
73 32 60 63 40 21 67 39 54 90 89 27 87 12 55 63 4 65 54 41 12 77 100 69 16 36 2 51 48 20 25 56 23 49 83 
76 80 81 95 92 6 46 80 83 70 41 81 90 88 83 21 23 79 38 29 18 61 69 27 6 5 2 63 30 83 59 96 84 80 58 
6 63 30 41 85 59 79 89 45 9 33 19 81 47 90 64 98 17 57 69 83 30 71 18 38 45 95 50 81 91 64 59 10 92 21 
79 17 69 14 43 66 36 8 64 78 79 33 3 50 74 4 24 49 11 64 20 79 35 77 15 67 45 16 5 73 15 59 38 28 99 
67 43 64 15 43 7 63 53 49 13 18 85 79 87 27 41 48 33 85 84 53 14 97 74 1 35 68 55 12 11 53 15 86 46 17 
82 52 39 5 14 100 13 37 33 61 17 54 16 13 76 86 14 45 38 68 6 13 37 26 98 4 48 77 55 67 60 35 65 46 93 
51 51 76 100 69 72 98 67 21 88 72 77 36 64 22 83 48 84 66 20 4 58 20 17 60 100 35 8 59 56 73 24 66 58 80 
25 76 76 86 96 62 4 58 25 27 38 89 42 21 62 95 76 98 69 19 92 10 42 69 30 20 66 61 64 22 12 76 89 46 11 
17 29 26 62 30 88 45 96 21 10 22 35 53 16 64 65 64 88 18 50 33 54 60 73 3 78 7 25 16 10 65 35 60 25 44 
4 60 13 36 89 66 23 24 70 58 36 17 64 62 6 89 2 19 98 72 8 70 61 60 61 5 60 55 70 21 44 26 44 85 8 
48 71 8 43 59 17 4 9 42 84 18 33 2 83 67 47 19 66 61 14 58 48 5 58 93 58 78 19 25 4 23 26 23 40 40 
3 30 30 85 70 18 34 17 42 22 89 46 23 87 29 58 4 1 2 34 8 58 40 10 73 84 86 52 70 99 98 96 1 22 75 
43 31 23 47 40 47 61 55 7 17 37 11 41 96 32 39 95 71 91 80 46 39 81 100 3 69 81 71 6 44 35 94 14 25 27 
49 14 32 7 3 94 18 49 49 68 93 4 91 17 82 64 66 8 84 81 100 64 94 36 73 13 29 48 4 48 4 34 29 35 8 
31 20 71 22 74 8 65 68 57 98 50 69 80 83 26 69 32 48 43 69 25 50 61 63 58 65 58 94 46 63 3 59 82 70 58 
11 57 42 63 52 38 71 28 10 69 100 11 33 85 77 4 71 8 35 39 51 69 82 45 54 93 59 59 6 64 64 96 59 6 36 
65 89 49 4 14 62 25 60 63 72 85 75 32 63 81 60 33 28 100 29 24 50 31 13 81 32 48 92 80 46 92 30 14 84 59 
31 88 71 12 54 38 27 44 26 2 90 23 13 69 71 88 99 7 70 58 16 83 22 63 8 33 83 88 92 55 8 31 90 54 100 
47 70 16 30 29 34 10 48 59 74 86 87 77 56 58 50 56 50 60 95 13 90 57 19 58 18 10 74 3 39 68 98 86 84 26 
56 85 71 8 47 33 15 52 52 99 36 30 83 14 26 68 43 49 44 88 97 30 24 69 53 24 40 47 25 45 3 63 73 40 57 
68 89 24 72 44 39 57 26 62 9 43 79 40 23 37 99 36 5 31 26 62 94 57 59 21 31 71 61 27 22 62 87 55 54 41 
1 44 31 44 52 53 15 24 71 46 19 22 88 43 20 54 60 24 4 84 45 56 54 73 49 94 14 74 63 16 45 56 22 10 37 
23 45 21 45 97 21 100 30 31 81 40 97 82 62 64 31 63 90 24 42 91 46 44 53 5 68 90 46 68 46 97 68 48 88 6 
28 34 44 81 40 34 63 7 53 36 15 88 20 62 58 63 62 96 1 90 16 2 53 40 94 78 43 5 77 77 67 70 39 38 45 
73 50 88 30 16 11 92 77 86 54 2 93 94 2 57 79 26 51 26 84 15 41 50 44 70 39 86 45 95 75 10 89 72 51 89 
54 95 19 98 86 9 14 83 11 98 35 2 10 10 33 49 71 16 89 75 36 65 7 33 57 55 51 73 70 7 71 88 75 57 70 
93 48 89 19 85 8 6 81 27 15 9 38 91 32 72 97 74 37 40 99 52 92 80 60 29 1 45 75 6 53 77 16 18 21 22 
50 31 16 74 78 87 10 96 87 55 57 66 70 3 53 13 98 59 3 50 85 28 98 29 27 54 52 79 87 5 95 12 62 98 55 
46 89 42 100 81 91 50 51 2 34 10 85 7 58 52 28 39 94 90 93 73 26 22 75 7 70 49 84 72 72 34 73 19 83 42 
83 10 99 76 59 68 29 42 62 18 31 5 72 69 68 69 50 93 36 36 76 69 26 19 89 85 71 11 41 83 54 1 84 74 94 
100 35 81 82 12 66 15 38 11 27 26 78 11 93 79 94 52 82 22 10 3 82 99 75 72 97 84 50 32 58 97 96 83 76 39 
37 23 10 36 38 41 85 80 45 88 98 93 99 60 60 12 59 24 56 42 13 77 56 45 94 43 79 7 54 25 90 8 91 16 34 

