40
21 74 82 62 98 99 16 35 7 50 79 95 90 39 88 39 1 83 40 45 93 45 3 72 84 3 68 9 55 51 60 58 51 7 10 83 55 54 37 93 
4 7 96 37 19 75 43 69 55 98 50 77 78 52 77 79 38 88 49 37 28 93 4 44 83 37 20 61 75 1 22 87 64 47 17 57 29 49 57 9 
12 66 5 18 55 22 63 46 54 17 87 56 86 66 6 27 84 48 47 71 46 9 12 64 22 38 97 57 77 10 46 22 54 87 17 31 54 89 78 56 
27 25 55 70 61 32 11 8 17 17 75 34 19 77 29 33 9 81 92 46 29 32 56 65 52 61 95 98 96 16 85 18 87 88 59 30 88 41 86 31 
94 70 49 49 72 21 56 70 75 22 31 51 58 77 46 57 34 60 87 40 65 47 41 72 12 15 75 37 81 32 87 95 63 93 44 70 8 17 11 83 
34 71 34 78 48 60 21 83 64 65 8 100 34 14 41 89 16 24 14 38 27 65 79 1 27 57 13 19 54 94 42 3 28 55 99 48 31 53 15 55 
53 26 34 24 37 10 9 38 97 41 52 22 25 56 85 41 84 62 67 8 68 66 46 67 55 27 21 56 71 49 40 21 79 33 18 49 27 78 82 47 
88 93 2 33 53 42 74 78 20 81 58 95 92 75 66 70 4 85 25 56 16 66 23 84 44 45 7 19 36 49 79 11 73 40 76 91 89 85 1 33 
53 65 35 14 8 84 2 70 95 99 41 2 90 38 44 49 46 94 90 29 31 17 13 60 5 62 84 27 62 35 75 26 89 65 50 45 74 37 3 89 
72 12 5 70 57 60 72 56 99 21 14 48 90 90 35 71 86 63 13 22 77 23 19 41 66 35 21 58 23 74 65 83 3 64 44 14 21 12 90 64 
92 100 3 68 40 98 26 75 81 32 44 4 76 46 73 25 38 43 3 55 67 60 75 70 52 79 58 68 33 31 63 6 25 81 6 17 73 99 5 78 
86 16 91 48 16 82 2 19 62 83 49 65 90 2 69 24 7 78 84 80 87 7 78 70 99 83 83 46 32 36 21 29 49 75 10 7 93 69 78 34 
50 69 85 23 57 12 96 97 80 55 21 12 21 90 40 15 40 34 88 43 71 5 33 72 49 9 48 53 15 61 32 3 70 39 31 46 38 74 95 23 
15 12 6 70 9 11 32 94 97 63 12 22 12 90 57 74 92 23 61 61 30 72 12 66 90 15 46 66 14 76 54 44 44 88 10 10 5 30 26 51 
82 4 80 1 25 71 86 44 69 51 6 64 98 42 11 83 34 80 86 94 8 50 46 29 59 91 5 66 43 27 47 73 35 67 19 81 56 45 67 13 
40 79 66 70 19 21 44 49 46 35 84 52 54 89 27 69 47 6 28 24 57 66 35 97 44 31 18 41 26 59 5 11 52 58 70 35 41 91 15 89 
42 70 60 81 27 8 72 33 50 19 23 77 68 4 80 67 4 48 11 15 99 92 79 96 79 44 73 90 79 50 37 63 86 31 16 64 47 3 5 77 
38 24 61 64 1 88 29 19 97 42 26 41 48 71 90 24 87 33 32 24 99 56 82 14 41 89 11 67 41 2 71 89 81 52 86 82 18 50 3 52 
58 74 22 39 87 49 93 21 6 90 74 64 76 84 29 67 93 60 74 3 47 14 33 88 61 39 43 95 4 42 16 95 94 46 35 83 41 63 20 33 
50 26 27 51 53 3 54 94 89 96 7 28 43 77 32 91 95 97 75 87 3 81 32 47 91 28 62 50 50 10 32 77 68 49 20 45 60 63 78 74 
68 58 42 85 55 77 35 9 96 35 90 89 87 93 94 30 39 31 38 39 18 73 92 28 97 7 80 82 91 46 36 81 28 40 14 91 77 93 87 52 
26 43 77 10 87 100 34 34 16 40 60 24 37 24 65 31 67 24 8 9 27 79 53 12 27 12 55 78 87 57 87 94 82 75 8 42 21 13 37 71 
60 9 99 99 34 87 54 54 35 92 31 59 89 54 4 42 18 13 2 93 3 26 19 71 48 30 70 88 80 28 67 63 33 96 59 61 47 19 84 32 
53 80 50 12 35 39 81 97 10 91 58 65 82 6 80 17 4 41 79 65 96 33 10 84 57 99 13 65 27 82 98 35 25 23 100 87 38 38 29 70 
37 31 96 30 32 67 93 30 90 14 52 73 12 37 64 46 49 92 93 5 61 74 25 53 87 61 82 25 46 32 35 52 28 51 19 12 25 92 59 34 
70 27 40 87 14 67 21 19 53 83 77 94 19 42 75 46 35 10 95 78 47 100 20 65 75 53 35 78 57 61 97 23 32 66 96 32 96 43 80 5 
33 50 36 51 11 22 11 7 88 91 11 9 77 34 75 91 54 64 21 5 52 98 48 47 59 17 71 80 96 69 30 73 53 46 47 21 87 39 11 52 
92 26 3 95 40 54 81 78 41 28 85 92 22 96 99 63 97 76 26 86 96 13 45 18 97 32 53 48 9 75 11 65 22 81 6 32 60 64 69 75 
4 17 66 76 79 61 22 50 49 41 48 11 50 91 84 65 49 3 95 36 50 32 88 25 5 23 65 55 29 33 24 50 31 48 44 81 87 19 10 85 
70 18 25 71 56 40 53 38 41 91 87 24 55 97 81 9 3 60 15 22 14 4 45 15 46 44 32 11 45 61 75 76 86 49 82 22 91 23 76 25 
40 72 73 77 82 18 34 25 98 4 1 90 33 85 48 1 20 29 9 41 99 87 3 99 43 48 14 39 71 24 1 41 72 59 100 94 64 67 56 76 
64 36 66 14 40 68 38 78 27 35 24 72 100 66 13 53 79 2 46 39 60 11 86 3 88 99 84 29 41 61 67 63 75 83 54 48 33 73 35 67 
66 30 56 12 79 44 94 71 60 40 73 57 90 16 44 54 59 83 74 84 33 83 98 18 88 5 74 69 18 4 9 3 56 90 53 48 14 95 96 16 
43 84 56 7 77 84 73 68 95 42 85 35 32 61 9 69 28 66 77 29 17 50 50 100 46 64 4 85 79 14 51 14 16 44 62 46 41 22 84 14 
50 1 2 76 10 55 73 3 41 42 72 91 52 98 98 19 77 71 57 71 3 85 2 91 84 59 15 21 14 86 78 95 82 5 76 77 47 41 45 76 
100 5 10 76 96 48 44 39 51 31 62 69 87 9 21 27 89 73 20 78 67 60 7 45 37 27 27 62 94 83 2 78 37 40 72 72 90 92 61 41 
29 8 14 88 37 16 21 44 56 6 8 22 22 12 1 93 20 82 44 65 21 70 3 55 80 98 73 58 92 15 44 69 28 2 26 88 78 84 42 20 
41 47 12 33 2 67 83 59 35 94 83 60 31 13 92 16 9 43 1 83 31 11 5 31 62 58 92 36 6 56 62 67 59 58 35 74 42 3 86 71 
70 15 30 48 79 76 98 9 8 35 9 87 83 14 37 62 68 47 100 53 53 20 27 95 52 73 46 50 56 94 64 12 77 49 44 100 87 75 33 33 
40 11 49 49 28 95 19 63 74 57 41 67 39 24 85 70 83 27 48 21 94 59 57 30 64 65 18 33 61 22 92 65 75 81 8 98 58 62 84 33 

