50
85 55 5 89 98 17 94 37 38 54 35 50 77 78 99 81 21 11 1 62 20 45 77 15 3 99 21 80 2 88 35 33 27 97 12 56 73 19 15 66 37 31 6 4 43 13 9 19 42 92 
21 21 17 81 79 98 44 87 33 1 33 85 1 19 16 37 19 93 34 14 44 77 2 60 33 3 1 57 90 72 90 81 93 27 80 82 42 67 83 67 32 11 53 33 21 97 85 59 91 72 
78 35 86 86 68 95 46 21 24 81 52 40 85 96 19 70 94 65 56 53 51 25 29 76 37 26 3 6 1 81 60 30 8 6 15 71 40 81 78 88 23 8 95 100 12 33 38 91 58 38 
34 32 92 23 54 90 46 93 15 54 33 45 14 14 24 51 56 58 89 33 41 27 75 2 89 58 54 10 1 87 25 36 24 8 11 6 6 4 23 93 21 25 47 35 37 63 35 29 33 5 
92 57 27 14 59 53 25 100 32 45 10 9 70 32 22 93 79 61 56 86 32 84 37 35 50 49 33 47 72 85 90 18 56 98 64 77 20 51 83 49 65 78 59 65 41 26 24 80 9 65 
30 93 22 51 47 77 8 65 74 82 48 35 71 64 85 15 60 5 41 13 75 97 73 63 37 47 19 9 82 87 8 30 50 39 52 10 50 82 97 40 16 2 62 58 40 56 60 85 31 36 
34 86 100 13 49 62 29 48 19 47 76 80 53 92 57 30 11 72 52 50 22 49 83 8 94 63 25 40 92 64 36 36 52 15 20 67 49 60 1 99 90 93 78 94 23 94 35 85 26 18 
71 21 58 45 10 85 49 86 10 10 26 16 45 56 11 12 25 1 64 8 98 95 87 34 87 38 30 25 69 84 54 52 61 75 81 56 83 100 75 98 70 49 73 92 69 36 29 77 25 94 
86 52 32 26 55 88 25 18 19 61 57 32 26 81 32 97 96 66 89 49 7 64 47 29 14 89 91 5 93 49 30 38 8 73 35 92 89 4 11 88 73 85 44 83 30 2 50 73 87 98 
55 85 33 12 99 86 68 47 13 13 88 57 69 22 57 42 43 19 2 58 84 71 73 98 82 47 39 79 81 69 29 61 59 42 94 69 88 57 44 57 5 66 5 68 67 8 33 37 32 57 
21 89 86 91 38 43 31 27 72 43 74 80 34 74 87 78 73 92 56 92 32 84 49 91 97 40 78 2 94 51 26 44 26 38 39 52 85 82 58 43 70 52 81 15 15 7 96 12 15 65 
49 45 15 16 39 40 86 95 75 11 73 24 89 6 22 37 69 22 97 53 13 39 56 91 42 48 55 2 55 48 7 71 65 3 11 12 72 82 40 53 62 11 36 79 97 58 20 53 18 14 
63 77 51 83 75 47 21 61 39 23 78 74 25 60 33 62 72 85 60 79 1 68 3 90 82 81 29 37 57 83 31 75 2 53 36 60 82 34 78 9 78 76 86 6 34 42 2 91 91 91 
88 77 80 14 86 68 12 14 51 97 84 15 36 89 2 62 39 13 25 65 97 52 28 83 75 45 70 21 90 64 55 1 90 15 22 71 23 78 25 37 58 88 6 72 61 20 56 64 50 74 
29 84 22 18 74 44 17 54 35 2 30 23 84 97 31 85 6 17 94 19 30 23 65 13 6 43 54 60 51 98 91 27 74 30 57 11 36 45 68 73 72 53 54 87 75 8 27 67 45 50 
58 59 26 64 93 24 92 8 63 82 80 58 32 52 23 68 66 40 96 8 80 6 42 42 86 76 48 85 37 66 49 11 45 78 50 27 39 73 17 46 56 29 38 69 19 46 60 1 100 88 
85 14 25 41 100 92 42 18 34 46 59 36 74 91 6 60 81 93 73 25 93 38 93 9 46 86 37 56 82 95 45 99 56 82 43 59 39 64 66 14 89 64 40 95 95 23 52 58 19 62 
80 98 74 84 34 74 71 3 87 26 4 72 43 37 96 81 93 94 81 46 57 99 46 27 92 74 36 99 57 99 9 38 21 78 7 28 59 84 5 25 39 16 98 24 92 26 2 27 69 32 
90 53 81 81 32 30 78 65 42 7 79 79 58 44 58 60 13 97 39 99 17 44 10 82 13 5 18 3 32 20 46 21 52 74 85 76 79 86 72 13 40 30 12 70 47 53 4 68 42 28 
12 88 98 59 24 61 89 97 75 42 78 63 67 91 10 17 88 72 17 22 17 84 43 85 34 12 83 12 47 11 86 76 33 54 17 23 85 47 41 53 73 17 38 17 26 95 10 25 24 93 
47 76 36 36 46 55 58 21 47 19 15 87 60 35 93 9 73 60 5 90 13 76 85 11 7 53 25 14 96 7 95 36 71 34 62 48 65 78 48 82 82 16 12 54 60 95 97 37 35 17 
32 97 26 83 7 85 47 84 37 75 56 63 27 68 20 28 72 80 29 64 65 54 40 95 17 15 71 68 22 23 38 51 29 29 19 6 31 93 58 42 19 34 31 93 34 65 67 72 12 61 
58 13 63 29 2 25 60 38 92 76 62 65 87 26 42 68 89 80 37 69 4 7 29 67 49 60 25 39 79 92 11 97 83 31 23 11 84 94 72 12 4 93 6 57 81 65 14 16 71 75 
37 48 86 34 76 71 81 93 8 38 29 97 41 86 56 8 77 73 100 30 96 71 46 95 7 70 60 29 68 31 65 80 31 78 76 28 36 60 59 47 76 91 92 2 10 83 78 40 60 61 
41 8 82 53 3 24 35 48 33 94 38 35 48 94 43 67 37 5 69 16 60 80 47 89 69 48 42 32 40 21 98 57 56 26 24 5 46 46 27 72 39 88 70 92 80 35 65 71 41 1 
39 66 47 73 6 32 71 11 69 93 47 1 38 16 99 17 32 3 63 94 11 92 87 10 50 96 12 92 41 15 61 27 58 58 1 41 93 56 6 19 95 23 50 1 24 34 94 4 80 7 
59 99 71 34 52 13 68 25 72 13 10 98 68 35 42 69 53 94 40 77 51 15 40 92 93 100 23 76 28 81 94 70 62 86 90 93 79 64 34 49 45 77 38 16 99 7 83 93 88 45 
70 76 49 88 60 34 33 47 65 44 25 29 72 98 6 79 38 73 79 4 90 94 26 61 47 77 97 89 56 48 33 26 73 3 49 69 26 68 45 78 36 20 10 75 91 85 90 66 46 78 
60 61 97 71 39 9 23 29 7 14 71 69 12 12 56 20 58 7 12 31 90 5 50 79 6 24 31 50 87 62 38 57 43 7 87 17 49 52 72 25 100 97 19 56 94 28 27 94 97 2 
77 17 11 91 13 45 46 28 92 25 63 84 65 56 71 57 64 82 12 63 36 83 56 96 31 21 62 78 13 58 9 26 80 48 37 5 23 74 53 87 70 79 26 39 37 33 93 80 84 16 
95 2 5 65 84 85 81 69 89 50 36 86 79 2 99 58 15 10 6 99 24 84 17 18 7 36 88 15 60 24 75 18 58 32 4 6 36 52 51 94 34 31 78 64 21 63 8 81 78 96 
79 55 54 8 53 88 18 83 48 2 93 44 37 12 2 15 45 11 18 26 38 78 66 46 16 3 58 65 72 28 69 89 18 81 11 39 74 44 32 44 71 67 71 13 50 38 90 96 100 86 
85 27 43 56 76 10 47 67 40 99 56 72 24 41 95 60 56 88 88 98 56 18 34 53 51 55 37 97 27 2 37 17 50 79 12 21 9 32 1 48 23 11 2 7 64 2 6 73 57 32 
78 26 67 34 14 3 20 65 96 11 72 79 48 91 95 89 62 55 87 64 31 46 24 58 99 47 84 86 35 45 17 15 6 81 76 84 77 43 98 28 2 86 69 72 49 100 8 14 65 92 
25 6 45 6 34 75 43 99 73 5 70 5 32 28 6 78 56 60 12 96 10 100 38 57 83 57 88 76 4 86 89 90 49 65 88 34 77 44 2 51 2 97 43 84 78 84 56 53 58 9 
71 59 47 25 98 76 90 41 65 83 71 20 50 95 39 42 50 48 10 2 24 87 92 36 62 90 89 71 42 62 58 51 98 70 98 90 16 84 20 57 76 70 98 82 76 43 28 100 23 72 
93 56 37 8 82 87 14 99 2 88 30 17 77 64 65 71 90 28 37 79 56 40 48 80 8 9 99 88 27 69 29 100 17 95 5 36 60 17 21 27 59 20 58 22 87 94 100 37 84 22 
50 15 95 88 91 97 54 92 35 43 36 39 71 93 78 31 35 57 71 19 25 95 100 27 43 30 83 10 23 24 43 65 85 95 24 91 15 45 31 65 31 77 8 66 53 92 5 76 81 70 
7 53 32 98 99 89 41 84 5 51 17 52 27 1 47 83 72 9 86 88 92 13 21 13 75 36 35 72 57 29 38 64 43 75 40 63 63 89 57 56 45 51 24 86 65 82 20 31 65 28 
98 59 68 31 11 23 92 31 4 81 70 71 9 85 3 100 67 97 73 32 97 30 85 39 75 25 24 47 32 80 67 98 1 64 19 65 79 44 59 27 42 39 42 26 8 99 40 49 67 41 
36 5 82 82 18 78 65 40 69 9 47 56 33 68 45 81 70 32 55 30 1 38 19 39 34 33 89 64 45 65 77 8 33 1 44 17 58 26 12 77 67 32 9 77 3 81 63 61 88 39 
69 23 21 66 37 7 52 13 54 58 2 26 2 87 42 96 18 50 4 100 58 52 19 23 42 82 2 78 91 25 70 36 31 54 76 16 14 17 59 30 73 45 72 2 68 97 83 50 54 25 
1 24 48 87 92 43 70 100 65 67 81 31 75 88 95 11 73 55 44 40 96 99 35 83 43 33 92 70 31 34 75 42 53 77 39 8 59 24 69 73 56 79 82 45 8 71 87 38 72 80 
93 56 98 45 64 77 13 85 22 42 70 61 17 49 42 4 57 46 87 85 86 79 17 16 7 6 36 8 84 63 50 51 38 82 34 44 65 64 33 88 30 18 21 35 83 59 70 13 15 4 
48 56 79 73 5 72 19 22 55 8 94 71 98 56 3 40 47 79 84 95 41 34 12 76 67 27 99 67 25 11 25 61 19 14 82 7 66 39 17 41 6 83 9 73 33 54 48 28 42 87 
70 46 89 49 95 66 29 66 55 24 74 99 55 26 35 50 69 49 63 6 53 79 57 36 97 93 79 90 17 77 90 48 95 81 13 87 25 11 26 92 93 4 10 13 29 57 9 66 62 55 
81 93 39 1 11 76 66 55 18 52 82 91 39 58 95 53 6 1 13 39 78 20 55 71 4 45 35 72 48 83 87 78 44 16 46 66 8 31 100 31 16 11 79 83 62 20 85 37 44 2 
30 47 78 16 98 43 44 58 53 73 65 28 18 12 38 58 8 10 89 69 94 14 89 12 100 99 70 27 63 96 78 7 66 41 82 25 91 90 7 9 55 59 67 19 96 23 29 56 80 73 
57 13 86 87 40 63 65 97 44 78 60 48 52 84 12 63 45 10 40 7 84 81 5 39 2 42 85 83 1 22 49 99 60 28 87 25 81 27 13 32 59 91 87 69 31 13 47 64 95 5 
30 46 20 59 58 55 51 37 13 66 93 27 56 9 39 25 84 55 49 41 50 40 68 24 66 49 18 89 76 28 25 67 85 43 10 27 36 61 61 25 60 57 85 68 38 53 34 65 15 26 
