226 28 7 8 10 6 
92
3
104
37
106
126
129
122
57
41
132
13
13
10
49
126
59
132
58
63
150
74
83
95
134
126
58
95
5
104
83
43
75
139
89
79
27
105
32
138
68
128
17
94
55
19
115
113
37
35
87
73
33
27
53
37
14
76
35
21
95
75
78
131
43
62
30
150
126
42
15
129
76
62
145
122
24
116
149
57
92
32
60
14
18
88
138
98
134
53
41
104
110
21
83
93
90
105
41
25
56
95
93
72
85
150
100
97
143
123
122
14
123
90
69
32
38
78
23
111
31
17
121
145
73
63
139
89
39
116
122
31
35
61
111
29
103
8
36
92
118
7
57
18
11
25
44
11
55
121
140
84
119
71
40
20
76
75
69
132
105
12
23
58
85
1
40
129
81
79
144
127
101
113
5
137
72
65
31
87
21
69
102
76
55
142
103
59
110
125
141
109
11
74
89
63
70
7
13
26
76
109
69
59
65
81
126
113
23
42
6
91
53
24
74
97
15
142
73
144
121
13
17
150
76
135
