777 16 3 7 5 1 
322
170
87
22
170
237
57
30
350
56
343
304
20
2
220
341
213
333
338
110
55
163
127
202
300
1
95
210
35
232
104
337
30
153
5
312
210
48
280
194
19
39
238
173
161
297
279
169
63
198
76
147
198
212
321
248
309
216
102
133
245
131
175
11
149
135
243
214
153
66
12
202
257
256
101
323
29
135
141
114
345
45
132
245
170
56
64
8
195
144
279
96
33
103
289
189
233
150
247
187
35
22
37
301
200
341
4
81
12
184
289
266
292
96
160
294
52
242
108
193
340
144
274
333
187
95
136
195
237
234
252
314
125
301
204
190
320
186
65
106
40
119
264
4
135
315
328
196
38
12
271
328
195
13
101
29
183
134
327
130
181
204
281
236
205
105
6
260
120
245
133
59
218
169
277
197
349
185
325
294
148
257
242
313
136
324
21
208
43
305
187
43
102
236
70
105
274
208
203
325
1
251
199
52
234
156
51
334
194
262
178
350
21
5
296
44
274
94
71
27
283
161
142
58
319
103
223
292
118
134
292
54
67
59
135
140
7
200
279
168
94
128
263
128
244
43
254
217
81
232
174
108
63
324
188
284
274
46
162
299
45
59
212
230
219
92
321
214
172
182
269
7
15
269
216
80
254
9
333
110
319
321
156
271
167
3
15
92
135
195
12
185
38
298
241
9
164
341
190
105
108
340
219
284
254
314
199
135
216
80
264
96
117
226
166
350
9
258
316
51
176
253
28
197
291
151
281
173
310
8
49
2
131
257
28
148
241
182
92
39
323
209
252
75
304
230
196
324
15
29
175
184
236
325
249
199
236
350
98
234
92
5
155
158
82
75
12
34
300
2
286
114
248
187
250
314
347
35
253
285
141
322
170
38
278
208
84
55
29
85
334
227
36
15
333
286
30
80
131
98
39
305
115
267
29
89
340
347
334
339
280
298
46
207
266
20
162
64
225
148
55
193
314
223
196
58
309
79
111
156
274
71
120
189
311
261
170
345
271
270
112
3
215
304
320
199
134
188
43
196
279
314
271
91
343
338
208
78
59
56
28
116
90
40
212
166
344
168
109
112
262
214
285
258
59
324
192
220
285
92
316
292
33
298
127
229
217
136
50
257
150
272
333
19
181
334
9
148
130
273
260
266
154
300
119
289
336
340
182
129
307
102
173
89
140
326
290
177
40
336
87
213
102
157
200
158
115
298
350
178
187
161
190
237
312
340
281
347
298
290
146
31
46
336
307
62
257
238
259
349
298
198
217
107
126
41
19
204
244
48
273
91
152
234
172
274
222
336
217
154
99
82
247
349
172
127
250
196
179
313
288
186
216
13
350
215
327
333
48
59
141
90
10
17
74
19
174
102
98
157
289
60
99
238
153
20
98
262
74
148
110
280
175
333
235
107
84
345
69
308
11
65
107
39
80
186
129
30
215
318
55
263
257
13
97
192
8
212
189
100
132
28
46
100
186
146
345
169
283
250
183
24
219
321
220
130
108
180
321
76
45
128
120
178
119
202
107
85
224
238
272
171
211
132
340
174
345
26
36
153
257
229
202
21
60
128
91
297
199
224
54
64
331
244
154
301
221
126
341
342
265
323
225
340
241
315
332
54
1
252
63
44
259
191
207
311
160
55
37
96
141
139
17
198
121
208
267
203
157
222
201
225
17
273
38
70
332
319
215
134
223
170
89
134
103
307
285
189
74
52
274
209
168
295
99
68
315
228
76
215
256
304
116
118
216
164
115
17
20
27
271
258
57
224
184
208
118
