150 22 9 6 9 5 
63
56
44
87
7
113
74
17
13
122
141
122
100
114
59
138
19
62
5
72
54
78
126
89
46
61
72
43
88
83
32
62
57
129
124
129
130
22
53
50
86
91
23
130
98
32
29
44
111
75
59
8
125
11
43
108
85
55
120
55
43
20
142
31
104
89
70
127
15
97
2
57
123
27
74
12
49
35
8
131
138
21
70
25
46
104
9
48
61
101
118
63
34
8
118
65
90
34
136
147
90
41
101
51
43
81
47
24
126
72
12
80
28
93
134
18
92
144
97
88
14
25
48
18
142
75
128
23
117
100
82
8
88
3
11
138
32
57
131
134
77
48
83
38
45
9
60
83
123
116
