418 24 5 10 7 2 
181
305
293
309
93
131
215
60
60
95
67
11
50
39
17
301
208
273
15
80
270
123
275
307
277
266
297
256
201
162
290
89
27
148
236
153
50
119
156
280
289
94
161
58
340
246
22
153
288
24
15
197
80
90
276
230
331
121
263
309
25
30
314
15
245
133
225
182
19
27
127
265
337
241
261
259
284
86
62
106
246
267
169
179
166
38
277
225
88
73
291
204
47
177
165
64
345
312
326
6
72
225
1
267
296
260
92
126
65
278
85
80
75
269
241
151
186
110
36
175
96
265
82
175
97
180
165
27
163
118
202
114
301
275
54
97
315
15
348
272
81
282
237
210
324
121
64
225
124
163
258
229
282
291
46
282
51
185
167
216
212
53
196
101
274
231
231
17
154
49
94
192
142
97
154
51
40
150
96
282
325
131
333
147
197
140
82
5
190
215
241
8
170
37
101
311
192
342
98
52
12
11
192
37
154
230
202
179
190
60
324
106
97
33
154
334
20
169
199
107
39
115
89
340
336
115
50
108
192
342
266
265
40
64
226
340
260
69
202
218
100
273
40
328
69
248
142
137
333
130
259
180
272
136
103
164
199
256
177
330
3
151
192
329
337
125
146
294
291
17
175
168
295
210
290
268
147
169
102
50
248
273
102
63
236
350
214
223
329
61
4
111
17
128
158
258
291
67
260
229
44
126
43
224
124
276
98
49
252
331
157
266
296
108
316
229
222
58
24
22
189
312
289
36
194
322
231
65
303
104
220
259
283
350
311
240
172
157
237
124
257
251
264
84
75
341
157
207
208
304
187
64
313
220
287
3
332
308
37
114
25
109
145
26
251
288
294
70
33
23
50
52
215
289
142
55
331
77
27
209
105
229
345
39
47
196
144
334
211
319
17
88
305
83
316
30
22
52
68
90
324
72
231
57
222
307
4
119
37
241
50
298
62
209
296
91
135
149
