584 48 10 15 14 9 
73
341
249
60
172
36
220
317
342
77
198
171
161
210
31
284
95
274
150
246
148
244
301
169
34
144
147
223
296
40
348
313
308
142
204
163
298
182
68
283
36
75
195
212
131
187
264
17
110
267
196
160
96
300
218
10
166
304
44
235
347
30
115
203
110
203
202
135
100
301
325
348
11
291
21
224
14
106
65
202
302
308
22
182
118
133
220
92
48
67
88
33
304
63
115
156
147
209
44
48
86
275
165
126
209
200
289
72
262
38
337
8
219
244
289
181
294
11
184
250
74
207
104
21
290
165
343
190
334
160
26
326
247
347
258
94
316
63
100
145
36
104
318
220
142
106
254
244
31
3
27
174
169
316
142
316
102
328
161
121
266
210
67
119
169
225
208
131
22
208
97
278
195
109
88
317
242
80
91
113
163
182
340
103
136
189
233
180
278
102
91
42
198
106
189
296
147
278
323
272
262
206
29
181
271
159
335
151
140
56
11
110
284
197
316
19
336
1
115
214
86
100
248
68
143
27
268
135
124
339
293
94
110
83
119
293
290
165
120
214
103
217
34
213
174
18
145
2
125
212
302
18
318
39
186
346
188
298
68
93
59
207
216
262
215
241
245
42
206
44
243
194
22
51
210
226
84
201
37
114
65
201
324
19
31
349
243
112
43
158
265
208
323
189
207
312
293
202
26
195
145
63
3
142
46
331
148
147
267
120
184
333
7
164
46
207
194
220
172
130
266
274
301
259
121
17
187
241
73
177
321
47
93
95
49
320
117
143
151
84
167
150
210
196
112
331
36
243
300
278
203
313
315
159
182
118
64
208
32
241
192
272
316
315
106
59
314
91
222
281
242
289
347
7
96
327
130
162
166
268
75
173
231
48
263
274
77
175
112
163
350
73
256
347
24
306
280
9
183
123
210
185
21
301
45
72
263
271
307
127
238
52
215
127
229
29
207
197
109
37
72
161
61
46
202
41
268
127
289
124
244
136
17
205
273
136
335
75
117
16
158
90
205
321
172
187
342
25
327
269
214
102
333
151
133
40
41
170
229
163
182
178
15
134
219
249
82
158
310
112
344
161
341
249
317
247
116
122
113
134
20
89
28
225
70
298
85
170
243
329
205
201
111
40
15
213
312
137
160
316
325
204
204
91
109
323
289
162
120
43
146
282
341
136
126
115
11
8
248
215
288
139
90
348
220
235
12
43
71
146
250
243
29
3
229
172
15
122
172
218
265
226
225
234
213
227
350
221
174
33
80
166
320
207
53
311
199
320
21
100
322
308
27
129
286
207
167
173
285
310
259
333
262
153
198
189
187
194
43
292
2
237
158
50
