707 28 10 8 19 6 
54
206
204
30
200
235
27
317
77
346
305
339
67
211
332
200
131
2
79
51
275
4
31
149
208
244
234
247
273
96
42
263
239
68
108
44
317
337
194
5
101
39
196
201
28
98
158
200
5
74
275
36
334
58
157
142
229
331
264
310
190
103
70
9
4
48
108
103
21
42
125
211
205
198
62
309
140
130
41
55
171
339
111
311
210
46
169
49
119
280
329
304
21
214
184
297
286
14
274
142
133
218
242
215
11
302
275
121
150
64
94
232
91
18
325
211
129
56
174
240
220
173
116
210
300
176
73
329
295
335
338
18
102
218
161
207
145
308
278
340
268
147
104
46
159
298
157
239
174
107
243
215
122
151
19
100
56
274
144
173
88
122
52
226
305
171
189
275
129
323
211
266
291
112
150
172
184
195
307
77
3
159
312
82
128
188
160
281
53
23
194
323
88
26
88
86
172
45
62
31
315
238
121
103
69
152
85
3
241
156
86
240
165
266
137
179
253
295
110
157
10
296
16
251
155
185
15
334
184
235
142
55
38
268
106
335
212
95
250
205
147
66
307
234
105
9
52
127
40
315
183
158
214
13
204
178
319
103
83
347
107
296
145
170
231
350
168
52
326
298
193
298
66
211
259
66
320
129
143
251
174
203
166
252
50
336
124
3
188
200
311
148
286
48
263
39
99
111
165
304
99
277
229
87
81
284
76
56
229
25
286
280
199
186
132
45
146
255
172
205
54
11
293
125
167
252
239
290
308
339
222
32
24
139
240
109
25
299
300
212
261
341
9
70
277
311
69
236
26
102
121
102
291
315
192
47
133
306
2
306
84
24
172
40
95
163
20
83
341
20
267
129
256
179
78
210
219
100
241
282
173
310
256
152
70
282
335
255
319
221
234
32
271
184
247
291
291
345
186
79
151
286
275
334
333
72
200
192
101
147
17
285
168
37
112
77
214
275
295
63
50
223
332
236
6
247
84
336
90
345
231
12
316
7
295
258
287
78
86
101
291
210
24
97
15
242
255
235
194
7
337
266
30
252
299
296
188
88
187
346
246
193
10
125
75
283
38
328
159
270
15
194
337
269
7
276
150
268
120
17
318
164
247
303
113
130
146
242
85
171
38
78
220
31
308
86
69
245
200
275
96
74
198
117
213
216
294
190
210
123
301
224
249
207
104
105
132
66
156
122
97
347
148
92
58
95
309
139
50
122
258
182
313
285
26
336
245
304
46
146
245
98
109
128
306
294
322
226
299
69
311
281
6
319
153
130
313
312
232
188
330
33
82
74
61
38
210
31
205
65
25
4
95
158
36
295
12
221
82
203
33
292
300
11
42
87
303
69
203
35
83
164
152
142
95
250
8
346
22
105
300
304
111
260
154
206
138
227
75
293
75
75
129
199
46
138
21
131
138
311
341
316
209
173
72
67
94
139
262
172
131
240
171
70
183
234
11
40
305
166
35
269
332
234
344
230
41
68
115
139
175
104
47
225
123
97
142
207
206
287
222
216
249
128
308
237
50
167
75
339
305
298
177
163
346
72
247
328
95
225
4
209
343
53
102
171
160
161
169
188
38
243
284
285
69
201
283
309
4
263
226
297
36
125
309
210
219
