100
0
1
2
11
1692
638442
699050
523300
915071
741638
268405
1250
745980
961134
496002
999998
999994
34
999999
719880
475479
970777
125
20922
705482
5
758844
63442
999993
999053
9
653126
844262
999997
124
592330
629731
741039
263743
1000000
362975
271854
166
10
40851
267267
40
125000
271934
352174
587353
916259
868977
501176
697514
999995
3
187955
306901
643554
742409
477845
7
996971
639223
575873
544804
12500
431882
760400
999996
490415
999992
20
625002
8
827533
200
4
234252
960232
235465
999991
784151
262710
601145
675927
37893
25
429363
349743
537186
90581
994827
342027
371713
841639
454539
737137
6
