500 3 99
1 25 444 429 409 371 361 349 344 323 318 315 301 295 289 274 264 251 248 247 240 238 174 87 74 56 51 
1 29 491 472 466 453 445 426 408 382 357 353 348 331 307 301 271 232 216 210 194 193 172 165 160 134 104 96 68 18 17 
0 34 498 492 483 475 452 434 413 404 399 393 382 350 333 317 264 261 247 243 234 232 230 228 119 116 114 80 69 67 60 54 53 50 36 11 
1 27 490 480 478 473 468 437 396 393 370 354 329 326 298 290 240 238 219 208 205 199 188 153 140 127 91 89 6 
1 24 485 478 475 470 461 446 424 418 390 377 333 314 279 236 215 170 165 110 107 89 82 63 55 44 
1 29 479 472 443 422 397 396 394 383 363 352 344 342 323 285 263 240 228 222 199 174 158 144 132 120 109 61 24 23 9 
1 19 468 448 447 426 423 369 316 286 239 236 231 219 192 157 106 77 40 30 3 
1 26 491 421 379 364 340 298 286 272 257 247 232 223 196 195 177 174 169 157 152 115 91 79 73 59 58 8 
1 19 460 424 409 407 322 270 235 232 222 189 174 156 109 87 80 75 54 17 7 
1 26 482 481 467 449 447 444 441 428 426 415 406 385 378 348 315 290 279 238 221 218 164 162 151 78 77 5 
1 25 477 468 458 445 439 427 421 417 338 325 321 319 314 313 312 296 290 255 179 140 136 95 93 43 19 
1 27 481 477 449 444 366 357 355 346 338 319 308 305 241 236 205 165 142 139 138 121 113 112 71 68 65 33 2 
0 23 479 463 457 448 437 414 337 335 284 194 173 140 137 133 123 121 114 86 65 46 26 24 16 
1 32 480 464 448 436 434 405 400 383 380 376 361 349 347 345 336 329 319 316 302 234 208 199 190 188 164 141 109 100 80 77 67 24 
0 25 490 479 471 462 461 460 387 384 348 339 317 299 274 271 263 182 181 149 140 138 120 96 94 82 49 
0 19 448 439 384 373 339 337 296 295 264 245 221 210 200 142 117 86 64 31 27 
1 28 459 454 447 410 367 350 300 299 276 271 263 248 225 202 176 144 138 137 136 125 116 103 99 73 24 23 22 12 
1 23 455 450 433 423 378 316 307 291 285 264 233 232 190 172 142 105 76 73 67 65 31 8 1 
0 27 482 471 465 441 430 427 400 399 369 352 309 305 279 272 261 223 191 185 181 145 135 125 108 91 90 54 1 
0 19 479 454 413 406 405 344 314 311 288 277 209 184 167 158 156 154 116 91 10 
1 23 482 480 467 466 462 443 432 423 413 402 323 296 263 242 220 182 180 179 153 147 53 40 33 
0 25 477 399 382 356 344 306 275 264 209 188 182 168 142 139 130 122 111 100 91 90 84 59 54 31 25 
1 25 490 448 421 372 364 362 348 340 333 318 312 286 280 249 233 198 183 123 120 101 94 82 41 38 16 
1 22 471 438 412 405 404 368 365 332 331 293 292 288 258 205 191 124 77 69 56 55 16 5 
1 27 463 456 426 381 331 287 285 281 263 225 214 212 203 168 163 148 144 133 88 87 81 68 36 16 13 12 5 
1 22 438 433 417 380 370 358 336 304 286 259 245 225 196 185 165 142 109 65 48 36 29 21 
1 23 494 436 416 403 396 390 386 351 239 221 215 188 183 176 165 139 129 92 71 41 40 31 12 
0 21 485 429 425 417 414 392 383 328 323 296 281 249 210 204 146 139 123 76 60 32 15 
1 23 487 468 459 451 436 427 402 376 372 370 347 343 296 280 260 254 184 119 94 87 86 56 32 
0 27 466 465 439 408 387 383 370 346 341 336 276 271 241 218 185 183 180 172 112 106 100 87 61 53 42 36 25 
1 24 498 441 412 371 361 346 336 316 304 282 266 242 233 208 200 193 160 122 118 115 48 35 31 6 
1 33 494 484 463 462 397 386 368 343 340 331 319 308 285 279 250 242 222 208 191 174 149 139 138 119 113 93 52 43 30 26 21 17 15 
1 24 490 487 443 380 366 344 311 290 263 262 243 157 154 117 88 79 71 59 50 44 41 40 28 27 
1 25 495 423 421 419 414 379 332 314 255 246 227 224 221 193 177 173 166 156 140 118 81 69 49 20 11 
0 25 488 487 477 447 435 424 414 375 360 330 324 260 217 200 186 162 156 155 130 123 109 106 104 75 40 
0 28 487 474 461 429 417 412 400 391 389 361 346 323 321 318 312 307 305 277 224 199 141 139 138 105 81 70 53 30 
1 23 453 450 446 428 379 367 361 297 216 189 126 120 102 95 86 78 55 48 42 29 25 24 2 
1 27 499 448 435 430 422 389 378 375 346 341 334 320 318 301 292 284 269 189 180 141 129 118 101 87 81 74 63 
1 19 485 475 468 430 421 377 358 255 198 131 113 107 106 97 93 59 53 40 22 
0 22 471 423 378 375 374 368 316 308 297 282 272 270 266 254 216 199 193 177 61 57 48 46 
1 33 487 477 426 393 344 342 339 298 289 287 279 277 269 261 247 240 232 221 202 187 181 165 154 74 66 61 60 38 34 32 26 20 6 
0 28 496 488 482 473 469 463 461 437 433 426 411 394 330 328 326 321 231 227 218 173 171 125 120 103 80 32 26 22 
1 20 445 306 291 287 269 260 215 188 187 178 164 143 134 128 118 85 74 72 36 29 
1 22 454 421 411 410 396 392 364 362 325 272 237 232 214 162 130 98 93 85 72 69 31 10 
1 29 490 460 435 423 400 370 358 341 325 315 307 303 288 244 214 204 203 188 185 182 170 134 117 106 85 73 65 32 4 
1 26 494 480 468 464 443 424 365 361 356 344 342 329 326 294 289 282 281 232 213 182 160 137 135 128 87 75 
1 23 484 481 476 391 378 372 315 268 239 225 222 210 177 172 167 132 115 107 82 74 53 39 12 
0 18 488 477 472 453 407 301 300 276 227 217 207 199 180 116 115 78 59 56 
1 25 491 467 377 363 358 350 332 309 267 254 244 213 179 166 157 153 151 118 107 83 72 39 36 30 25 
1 27 491 461 451 406 396 392 347 333 322 312 290 285 276 256 250 248 196 137 121 103 101 98 70 65 62 33 14 
0 16 490 446 359 311 292 252 187 173 148 134 76 61 60 51 32 2 
1 27 472 461 460 454 429 424 417 372 357 351 340 334 272 256 253 236 202 183 182 164 137 98 70 68 63 50 0 
0 17 496 491 420 419 356 313 302 258 223 211 195 184 166 150 89 57 31 
0 32 478 471 460 443 391 372 340 321 291 290 280 257 240 238 237 233 229 227 221 187 182 152 106 83 81 71 46 38 35 29 20 2 
0 22 460 434 397 394 387 368 351 337 336 319 313 254 251 248 233 208 113 74 21 18 8 2 
0 23 426 409 402 393 385 383 379 359 348 327 307 279 229 198 166 149 131 115 111 92 36 23 4 
1 32 472 414 391 371 363 360 351 314 307 304 296 291 283 282 278 258 245 230 221 194 193 148 145 127 119 93 87 76 47 28 23 0 
1 22 498 462 419 416 399 303 278 251 219 217 207 200 167 146 135 117 96 93 83 74 52 39 
1 24 498 478 456 446 444 426 398 370 350 338 323 313 297 296 260 248 236 207 204 161 96 75 63 7 
1 20 486 458 445 430 373 371 339 336 334 270 266 251 249 194 169 47 38 32 21 7 
1 25 487 483 451 445 430 410 379 376 366 365 310 264 246 245 220 197 193 151 142 123 122 50 40 27 2 
1 38 488 481 480 466 447 439 398 394 356 354 351 347 299 295 292 286 282 275 272 237 217 198 166 145 132 131 129 127 105 101 90 83 73 50 40 39 29 5 
1 24 490 476 464 454 431 409 370 355 353 340 312 301 297 264 236 225 220 211 198 114 108 68 65 49 
1 17 465 464 443 390 383 366 353 286 210 144 143 121 117 58 51 37 4 
1 21 477 442 421 387 354 352 312 252 250 248 235 218 208 202 182 168 158 100 95 80 15 
1 31 476 457 454 432 410 397 366 365 318 311 289 261 254 219 215 211 200 197 163 155 148 139 134 119 62 49 44 25 17 12 11 
1 24 494 487 461 457 443 414 402 392 341 314 276 273 212 188 175 174 155 141 133 131 115 103 72 40 
1 18 430 429 421 409 368 271 208 205 191 184 140 136 101 89 68 17 13 2 
1 34 493 415 401 393 367 355 354 353 323 299 284 279 274 269 266 202 199 186 180 167 166 161 141 129 117 111 101 99 67 62 51 24 11 1 
1 23 494 462 410 372 333 300 253 246 225 206 201 199 191 187 185 180 149 129 125 43 33 23 2 
1 23 474 467 457 454 426 406 389 384 375 344 322 295 283 252 248 215 208 113 85 78 51 49 35 
1 19 453 390 363 362 313 285 279 206 153 144 141 133 111 96 82 53 32 26 11 
1 21 491 488 452 451 376 347 315 300 271 260 259 245 232 230 225 118 117 66 48 43 42 
1 21 451 450 375 362 320 271 244 207 197 181 176 162 161 128 93 91 61 44 17 16 7 
1 38 491 480 462 443 430 413 369 365 345 321 301 254 238 233 232 229 228 207 204 195 191 176 172 163 162 136 135 127 97 82 75 57 54 46 42 40 37 0 
1 27 489 454 403 382 345 344 319 315 314 296 292 264 250 246 213 209 204 175 154 144 100 96 74 58 45 34 8 
1 24 487 471 466 450 442 438 431 402 365 345 308 256 246 238 190 176 118 109 85 84 56 50 27 17 
1 28 475 466 456 453 431 420 418 388 379 348 338 331 328 324 220 215 201 191 148 119 115 90 89 79 23 13 9 6 
1 29 488 487 477 452 449 448 444 438 431 420 395 377 371 364 352 347 314 304 271 239 238 231 225 170 115 70 47 36 9 
1 27 459 456 453 445 410 408 399 395 384 367 348 333 304 294 284 264 262 234 216 176 162 138 116 99 77 32 7 
1 16 454 433 429 364 291 283 218 198 197 175 137 64 41 13 8 2 
1 24 468 445 442 432 408 402 361 345 314 301 226 222 203 181 112 110 105 95 89 53 37 35 33 24 
1 25 496 493 461 407 400 391 365 338 328 286 257 251 221 203 164 141 136 112 111 74 71 46 22 14 4 
0 34 489 486 450 441 440 425 380 377 358 355 332 329 326 312 297 286 283 277 266 257 253 178 168 155 148 146 134 121 117 109 61 57 53 48 
0 29 481 449 446 435 426 412 403 395 391 345 338 335 321 309 307 304 301 200 199 193 189 177 167 166 132 127 126 76 21 
0 30 486 485 481 468 452 439 391 368 325 318 306 293 286 278 211 207 205 170 164 156 149 144 125 122 88 76 70 44 43 42 
0 33 499 497 495 480 462 457 414 407 384 369 303 300 290 272 254 247 219 218 206 179 171 168 167 158 127 115 104 94 89 36 28 15 12 
0 31 482 471 470 437 421 401 373 334 312 299 294 292 290 266 238 228 210 207 181 173 152 127 103 56 45 37 29 28 24 8 0 
0 20 491 454 407 389 320 305 303 250 213 211 164 163 162 155 140 124 121 85 32 24 
0 26 479 465 449 446 435 428 378 345 344 337 336 293 281 264 218 203 126 103 92 86 81 77 67 52 4 3 
0 29 458 441 401 396 395 371 361 339 305 292 291 282 279 259 244 239 232 229 197 150 140 131 113 111 103 77 61 21 18 
0 39 487 485 473 453 425 416 402 386 375 371 318 315 313 311 297 286 278 262 247 239 236 227 222 212 191 173 165 159 150 138 137 94 92 73 21 19 18 7 3 
0 25 432 416 408 398 393 378 369 368 342 333 295 293 251 237 227 208 207 205 128 126 124 91 89 55 26 
1 35 471 443 421 409 408 405 374 367 364 352 350 349 345 339 301 291 269 253 248 243 212 200 183 178 177 141 124 100 73 57 56 43 38 31 10 
1 24 495 483 482 454 421 420 408 391 361 285 268 247 216 209 171 160 141 139 130 91 86 28 22 14 
1 23 492 488 484 475 385 374 367 353 326 323 271 224 177 176 170 156 154 127 98 81 64 36 10 
1 28 480 467 409 397 378 355 352 339 332 293 272 270 267 196 194 190 176 174 167 158 148 112 75 71 58 57 14 1 
0 27 470 468 447 442 425 385 363 360 338 337 308 306 298 290 278 273 258 251 229 212 192 186 184 182 143 74 38 
0 19 481 475 449 448 415 334 330 300 245 244 232 215 205 182 151 95 51 49 43 
0 18 492 491 432 389 358 355 317 312 311 224 214 180 176 173 131 79 68 16 
1 26 463 462 445 400 388 378 327 318 317 308 299 288 279 254 251 246 224 144 115 106 93 75 64 29 21 13 
1 30 450 420 417 413 399 387 370 361 286 273 271 268 267 266 241 190 187 158 144 136 130 117 106 103 68 67 61 49 37 22 
1 23 466 454 447 398 393 377 373 357 324 310 271 267 255 253 236 231 222 201 171 167 163 108 36 
1 24 487 477 476 473 403 392 293 292 266 264 243 197 175 131 130 120 101 90 89 87 66 49 41 16 
1 27 497 496 486 456 445 415 398 377 338 330 282 260 237 236 225 212 208 176 173 143 131 122 117 113 86 34 1 
0 22 494 485 455 454 447 424 403 398 355 340 284 255 240 202 197 174 165 160 81 61 35 17 
1 24 494 472 457 424 405 395 336 326 306 305 291 227 194 170 163 138 101 100 53 44 38 34 29 6 
1 24 488 481 477 442 408 398 363 361 348 328 322 288 227 225 198 176 159 158 154 150 48 46 38 4 
0 27 478 468 460 459 435 433 422 413 408 390 372 340 298 285 281 263 245 230 208 204 192 145 132 114 102 62 18 
1 26 434 420 414 392 355 340 306 300 294 242 231 229 226 211 210 208 188 163 114 83 76 34 25 13 8 5 
1 20 483 469 452 443 360 354 353 345 343 274 245 222 195 179 170 160 138 119 81 4 
1 31 495 491 445 442 423 403 402 390 387 378 369 366 327 309 298 239 226 184 182 181 166 161 138 132 124 90 82 71 68 55 21 
1 24 489 481 453 448 439 426 424 390 363 312 306 299 297 197 196 191 173 171 134 96 82 81 29 11 
0 26 493 458 447 328 323 300 289 278 268 258 254 250 247 241 223 202 201 144 141 104 90 70 54 38 31 11 
1 26 463 458 441 438 417 386 369 358 345 331 320 284 268 232 227 189 184 172 160 129 121 109 108 62 12 2 
1 24 447 444 418 369 289 274 246 241 222 214 205 203 157 142 100 86 78 77 66 55 47 46 30 7 
1 28 499 493 466 447 444 410 385 368 353 327 322 313 280 228 206 205 187 177 175 146 136 123 120 79 47 19 16 2 
1 23 471 459 437 422 398 369 350 325 324 239 236 170 123 104 101 83 72 68 63 57 44 32 15 
0 31 493 489 487 480 456 437 393 371 357 346 329 308 276 267 252 251 246 241 229 193 191 185 178 154 76 72 48 42 37 33 30 
1 25 455 447 420 414 404 392 390 379 343 262 230 205 190 189 165 158 152 136 110 77 65 56 31 28 2 
0 28 497 444 440 415 389 368 366 357 343 307 295 291 252 246 208 189 187 183 156 148 140 116 103 41 36 22 14 5 
1 32 499 496 470 450 446 443 440 436 427 423 386 381 325 314 306 304 299 215 214 193 192 191 172 131 127 114 88 83 63 49 12 11 
1 34 493 464 462 444 442 430 393 383 363 360 350 339 333 327 309 304 291 278 273 263 231 223 218 210 186 184 169 165 129 104 85 60 30 21 
1 27 499 498 483 475 457 455 449 404 387 367 353 340 329 283 282 208 190 183 178 170 117 116 60 34 27 22 12 
1 26 498 493 490 462 452 425 399 364 359 340 338 314 300 272 268 260 256 212 204 187 161 111 93 92 88 23 
1 29 465 459 456 455 427 421 415 405 378 376 360 357 350 321 304 288 286 271 257 253 175 167 153 130 85 69 41 18 16 
1 25 496 477 468 467 444 429 404 383 357 347 308 280 277 274 255 221 206 178 173 169 142 92 89 84 36 
0 29 499 460 426 416 378 350 340 321 304 298 281 264 255 232 225 223 197 182 151 132 121 95 87 86 84 74 61 56 3 
1 21 493 436 417 413 404 399 389 373 359 345 344 302 257 214 190 165 152 92 73 45 42 
1 24 487 484 435 424 421 413 372 357 322 316 311 268 205 203 199 195 153 122 114 69 68 61 37 26 
1 18 471 420 411 345 320 306 273 253 224 147 134 125 103 101 94 43 34 21 
1 28 486 483 475 406 400 381 291 280 271 257 242 234 225 180 172 167 165 149 139 121 104 103 99 90 66 61 55 38 
1 33 486 475 468 427 414 391 386 383 365 361 346 333 321 320 316 278 262 257 238 232 219 204 202 198 186 168 127 111 108 84 61 46 5 
0 27 489 479 476 446 440 410 409 397 395 388 377 371 345 334 302 298 292 289 260 242 232 204 149 71 66 24 12 
1 20 417 368 342 316 295 262 245 219 218 214 213 167 130 112 83 65 50 44 42 1 
1 22 425 423 400 396 353 331 324 310 307 274 226 213 208 196 151 148 140 138 74 57 45 18 
1 27 468 452 449 448 447 445 411 404 401 398 296 283 281 269 235 182 175 168 161 119 116 101 82 74 67 16 10 
0 23 465 452 439 431 338 332 327 288 237 236 225 195 184 180 169 140 91 80 51 49 45 16 12 
1 26 477 441 439 427 426 416 365 345 320 294 277 273 214 211 176 135 111 110 106 91 79 35 31 16 14 11 
1 34 444 378 355 344 328 324 318 298 297 287 285 275 265 237 220 212 201 200 199 186 183 179 169 157 150 131 94 65 35 31 27 26 21 11 
1 28 455 449 445 424 419 414 392 383 382 358 354 285 284 269 254 179 141 137 135 120 90 88 67 33 14 12 10 3 
1 34 472 468 458 439 437 421 401 400 385 367 361 353 351 346 321 314 264 262 239 231 211 193 176 140 113 94 93 82 71 68 66 37 35 13 
1 31 486 477 457 438 436 415 408 405 398 369 364 354 352 342 314 292 289 273 268 242 206 167 149 126 115 60 25 21 17 15 11 
1 17 498 425 401 387 322 312 302 294 275 238 187 159 152 104 97 63 42 
1 29 489 472 418 416 414 394 381 376 375 373 339 292 231 222 200 181 169 157 146 113 101 100 85 75 71 63 24 16 5 
1 19 493 478 457 444 433 428 404 363 276 269 262 228 216 189 179 108 61 56 18 
0 22 496 489 461 453 438 416 400 364 336 332 294 286 247 238 211 203 150 144 116 83 57 27 
0 22 492 474 467 434 422 368 359 327 326 315 302 283 281 256 233 231 192 191 153 152 130 20 
1 27 432 427 424 392 382 377 366 333 303 267 256 253 250 243 200 198 186 161 135 120 96 83 77 65 56 50 24 
1 22 480 444 414 393 360 333 330 303 270 255 251 237 234 214 142 133 131 85 69 55 31 14 
1 29 496 486 482 476 438 435 421 395 393 365 342 323 312 301 297 250 240 223 201 185 177 175 160 146 139 107 91 90 52 
1 16 479 457 452 421 414 288 277 253 175 169 135 127 98 60 48 9 
1 32 437 423 420 410 407 404 365 333 325 312 302 290 273 267 240 239 237 233 198 180 175 172 164 156 153 147 143 128 119 87 53 7 
1 21 492 434 432 418 390 349 288 274 235 187 184 170 163 152 147 129 125 71 48 20 3 
1 18 478 470 455 417 412 340 305 297 296 243 179 118 107 95 75 40 32 19 
0 25 490 440 439 424 418 396 369 362 356 310 294 291 282 269 267 254 251 188 180 168 88 83 66 65 34 
1 33 479 463 461 444 437 431 421 407 368 349 310 308 304 296 289 282 260 256 255 252 230 218 205 195 174 152 120 95 85 34 33 19 8 
1 33 490 466 431 418 417 406 387 383 368 367 366 363 340 324 312 301 257 238 231 221 214 206 196 193 169 163 144 139 115 48 32 7 6 
0 23 491 482 480 466 415 407 406 384 353 342 329 313 282 268 252 119 107 101 96 86 64 19 5 
1 25 476 463 451 438 405 397 391 382 347 343 329 328 254 247 242 229 216 212 191 186 185 182 143 107 91 
1 21 498 489 452 448 429 408 404 383 336 291 237 203 201 150 114 110 105 94 45 30 1 
0 25 482 449 435 411 391 356 352 311 298 294 210 205 198 179 168 165 164 162 148 136 124 111 73 68 58 
1 22 487 478 472 469 458 453 428 427 424 422 339 274 260 183 161 88 79 74 73 43 34 9 
1 25 482 472 457 432 427 401 394 353 327 300 250 230 221 197 193 190 157 153 109 106 102 88 74 65 24 
1 20 489 444 438 423 339 324 316 314 269 200 194 161 152 88 85 82 51 42 13 9 
1 34 452 448 438 424 422 414 400 380 379 352 347 335 318 293 263 245 239 232 231 224 199 161 131 128 122 119 105 91 40 26 25 11 4 1 
1 25 496 479 478 417 349 345 344 343 335 309 305 278 241 233 220 210 178 111 84 68 61 55 52 48 33 
1 29 453 416 410 392 391 337 321 309 292 287 282 249 229 186 182 174 171 142 134 131 125 102 96 86 84 68 57 46 19 
1 23 470 451 443 429 427 419 373 366 345 284 277 264 240 191 161 155 136 132 86 83 64 24 21 
1 19 449 436 401 310 281 266 265 229 207 194 157 151 144 139 137 126 122 59 7 
1 27 475 450 449 433 351 350 318 308 294 227 226 220 211 200 198 187 181 153 123 117 110 106 95 85 78 44 4 
1 24 492 469 435 420 402 366 348 340 335 314 308 276 274 241 237 222 212 195 167 112 102 94 86 41 
0 18 485 461 387 315 281 250 203 192 173 152 131 121 114 74 46 29 17 1 
1 24 461 456 433 420 393 385 377 365 312 291 259 237 202 172 126 112 104 99 91 87 50 41 33 12 
1 24 481 477 474 466 428 414 408 400 358 312 276 225 210 198 167 156 105 96 66 31 8 7 5 0 
1 19 406 403 388 286 253 240 220 214 212 152 151 150 136 125 116 103 80 75 66 
1 31 459 432 425 423 397 391 378 342 332 312 307 278 249 242 235 211 201 189 141 138 107 104 99 96 95 79 76 74 73 26 16 
1 21 474 430 387 380 340 292 242 238 235 218 205 191 150 116 95 93 84 46 39 33 7 
1 22 496 486 448 437 408 407 363 356 335 327 300 286 277 217 200 166 126 123 118 93 83 42 
1 22 481 460 451 430 420 381 357 355 344 319 313 298 161 154 145 140 139 110 86 48 20 10 
1 34 485 471 460 453 446 434 427 424 415 385 374 359 339 335 312 297 296 272 269 259 247 220 185 155 152 137 131 99 69 68 47 37 29 20 
0 21 483 476 466 459 448 365 322 256 245 202 187 186 170 144 111 87 81 73 40 18 14 
1 29 499 498 492 484 442 370 362 333 300 285 260 258 257 204 167 159 136 127 111 98 97 64 53 51 45 44 21 20 14 
0 24 489 475 473 407 388 387 383 373 359 355 296 295 225 221 195 162 139 123 120 93 51 29 26 22 
1 19 496 494 471 433 422 336 315 261 189 153 137 122 114 111 97 67 52 28 19 
1 21 483 473 408 374 354 320 289 282 230 198 188 186 180 159 150 118 69 44 29 25 18 
0 27 469 457 456 428 414 401 380 336 318 307 302 283 204 201 196 188 185 181 167 159 148 139 132 122 97 68 34 
0 30 474 470 469 451 432 431 418 374 344 336 334 330 269 250 233 231 216 181 170 153 143 124 120 116 101 69 53 50 42 40 
1 30 473 431 421 401 399 392 378 373 371 347 332 330 291 250 244 239 227 209 196 186 185 155 109 66 44 42 26 21 13 3 
0 25 482 447 445 426 410 407 400 369 291 276 268 251 247 219 216 184 176 145 120 119 114 84 37 36 8 
1 21 490 472 471 466 423 414 385 375 357 324 300 229 163 128 123 119 101 96 76 17 13 
1 38 476 445 440 424 403 402 386 384 376 367 359 315 314 307 295 281 263 261 256 245 230 216 204 177 168 159 147 121 118 112 91 77 74 69 67 31 23 18 
0 20 494 491 488 433 396 376 334 315 268 245 242 240 228 196 172 147 121 108 97 6 
1 29 495 473 464 456 430 429 412 393 391 388 383 369 306 282 268 239 218 163 157 141 121 118 84 60 56 39 33 30 1 
1 26 490 484 472 463 455 414 407 397 372 344 326 274 241 240 227 224 221 201 169 164 106 96 59 56 12 1 
0 21 476 470 446 420 406 405 379 361 337 245 223 216 183 171 156 137 129 110 74 52 7 
1 34 498 493 491 482 481 480 474 464 457 431 416 390 372 350 332 313 287 280 257 252 245 222 207 206 192 188 186 157 135 112 96 49 25 7 
0 25 446 445 442 429 390 364 341 330 321 300 283 262 237 226 216 163 127 112 105 103 90 80 73 65 60 
0 30 470 464 451 405 358 351 349 330 298 256 254 244 238 235 232 225 185 174 170 161 152 148 132 107 80 62 61 55 38 22 
1 28 498 402 395 356 327 322 299 289 283 277 272 271 262 247 236 203 165 139 129 84 69 68 47 39 35 13 5 3 
1 25 496 463 434 431 418 395 375 309 300 298 291 278 178 170 164 148 144 139 93 84 65 57 34 30 15 
0 21 492 488 466 424 372 370 367 303 249 243 202 194 186 176 160 150 139 113 102 77 69 
0 26 491 459 425 404 353 344 321 314 305 304 290 288 287 244 219 201 181 173 132 113 105 68 64 51 40 16 
1 23 471 447 436 425 419 314 313 264 233 232 229 216 199 172 160 146 129 115 89 82 81 44 24 
1 32 490 474 468 463 440 438 411 397 355 350 349 342 338 326 312 277 270 267 250 248 191 186 182 133 132 124 108 75 74 58 44 27 
1 29 488 464 455 434 412 391 387 373 338 327 292 260 254 250 207 177 161 156 129 119 116 115 98 92 85 67 23 11 3 
1 23 487 449 438 430 405 381 348 337 325 321 307 305 270 260 226 196 157 142 126 116 86 71 69 
1 29 483 479 473 463 446 429 415 397 387 356 342 337 325 317 291 283 274 259 205 196 169 92 87 85 74 73 58 57 47 
1 34 490 464 446 441 434 422 364 363 316 309 308 294 283 281 271 268 241 223 217 135 123 120 109 108 104 92 70 67 64 54 31 30 13 3 
1 22 497 479 445 426 420 415 382 380 371 338 327 306 295 286 284 274 257 188 94 75 21 19 
1 19 475 451 399 391 381 353 325 264 174 166 161 122 109 87 63 46 27 15 1 
1 23 468 395 379 364 359 351 331 290 281 279 269 260 176 170 146 141 138 109 88 85 65 62 52 
0 28 488 468 454 453 445 438 357 353 342 324 311 307 284 275 253 229 219 175 171 159 139 124 104 97 93 91 66 24 
1 24 483 471 462 459 436 411 390 385 374 338 317 295 292 287 275 269 240 227 135 134 88 75 48 45 
1 27 477 466 458 449 448 446 368 350 348 320 309 281 272 264 251 175 157 149 138 134 128 121 115 99 44 43 24 
1 20 493 469 467 455 433 425 422 401 291 283 271 238 121 98 77 70 65 42 26 4 
1 35 491 485 466 459 442 429 419 395 368 330 324 318 312 295 289 282 280 279 240 236 223 219 203 197 195 191 189 187 159 145 94 79 39 36 1 
1 20 482 475 464 425 400 391 382 375 348 322 289 286 251 226 208 178 61 57 47 34 
1 27 499 490 479 476 473 440 411 400 361 344 336 288 259 250 232 193 177 156 134 122 89 86 80 64 41 29 9 
1 26 495 493 488 474 431 423 379 371 362 324 312 309 296 272 238 216 212 202 189 134 132 86 65 57 6 3 
1 23 496 489 480 461 419 406 381 350 329 301 269 256 254 222 180 175 170 166 139 77 62 60 20 
1 29 497 486 483 474 468 462 431 416 394 358 314 293 290 285 258 243 194 183 163 157 126 82 56 53 40 33 26 15 9 
1 24 493 475 425 394 386 340 325 302 287 266 243 220 196 171 144 115 110 102 91 81 46 31 8 5 
1 19 474 449 414 404 403 393 370 366 343 216 208 195 150 127 122 113 52 18 7 
1 29 493 482 442 435 405 400 396 384 382 377 355 350 349 297 296 293 287 259 254 241 236 194 165 130 100 99 95 35 33 
1 28 490 480 464 461 458 431 333 326 313 269 243 235 198 183 174 137 131 127 107 104 78 72 69 62 46 25 24 16 
1 16 464 456 440 439 436 403 274 243 217 206 197 170 135 111 109 81 
0 26 488 484 454 409 408 346 338 282 275 274 248 239 238 213 194 188 170 114 107 106 92 91 53 47 41 33 
1 15 436 406 381 338 322 317 311 266 192 145 116 87 74 5 2 
0 29 438 427 391 385 373 363 352 335 327 324 323 319 295 293 289 240 212 203 190 169 167 159 118 109 97 90 74 55 53 
1 29 498 495 451 448 419 410 397 376 342 338 336 309 308 305 295 268 261 260 241 238 191 185 163 156 119 108 72 56 2 
1 29 488 470 463 462 456 401 378 318 277 270 269 259 254 251 248 244 233 187 165 157 147 144 141 122 109 102 78 41 6 
1 30 490 484 446 389 388 370 327 309 306 244 218 203 198 165 133 132 127 114 98 90 74 72 45 43 40 17 8 7 2 1 
0 24 489 437 429 422 388 360 355 321 307 266 253 242 231 203 187 166 152 147 74 54 53 30 22 17 
1 20 496 495 466 459 434 429 417 413 388 356 342 326 285 272 241 149 131 79 13 2 
1 18 481 477 458 433 426 398 363 358 314 312 225 198 177 176 153 136 64 8 
1 29 474 467 452 373 372 371 352 351 347 307 276 252 250 246 243 224 216 199 137 117 104 102 91 62 58 51 11 6 4 
0 26 482 462 448 445 411 360 352 312 293 284 279 274 271 197 173 171 160 152 149 139 137 104 92 61 53 43 
1 29 484 419 406 397 388 385 337 310 264 252 247 230 227 219 215 198 177 157 146 143 132 87 78 76 74 53 9 3 0 
1 22 477 432 419 413 290 286 245 242 227 193 188 165 152 141 117 111 91 90 78 46 26 6 
1 26 461 431 415 406 385 381 355 339 312 274 248 229 216 213 194 192 175 168 152 150 105 53 40 5 3 0 
1 25 492 474 388 375 358 354 306 288 271 254 252 246 234 230 224 208 194 171 166 118 115 113 101 29 11 
0 24 489 479 461 436 408 373 357 347 346 267 250 239 233 192 177 176 159 142 133 131 109 31 30 20 
0 31 495 482 457 452 448 446 410 407 400 388 385 363 354 327 322 311 305 287 282 236 226 225 222 221 201 154 148 103 93 32 2 
1 22 498 478 460 406 397 394 388 378 362 306 286 256 232 231 202 198 188 98 90 73 48 44 
0 35 485 481 478 477 442 420 399 394 390 366 365 347 336 331 329 324 300 297 250 239 196 195 192 191 181 165 134 110 108 98 72 60 56 25 15 
1 23 482 474 471 461 458 451 435 402 378 373 282 279 241 236 120 118 115 100 76 75 69 60 33 
0 22 473 424 423 417 404 356 327 309 238 199 189 180 159 146 113 94 91 86 40 7 2 0 
1 29 499 493 489 448 438 435 434 433 402 383 361 350 331 312 301 294 263 240 231 227 204 93 70 64 58 54 49 16 0 
1 17 496 450 444 441 428 426 410 408 362 345 339 201 176 167 59 27 22 
1 40 464 463 459 455 448 447 428 424 414 413 387 377 341 326 318 303 292 288 286 284 283 255 245 242 236 218 205 204 188 187 172 163 150 148 113 88 75 64 49 31 
1 27 495 428 417 395 348 329 314 309 308 301 287 266 231 217 214 189 155 149 118 100 97 92 82 59 57 54 0 
1 20 499 474 464 393 360 355 311 283 278 241 238 236 196 158 156 120 118 70 64 50 
1 25 488 479 462 457 441 405 379 367 365 352 322 288 285 233 212 175 151 148 130 125 102 93 83 69 51 
1 31 477 471 440 394 383 365 364 362 352 341 338 277 256 241 231 224 220 205 198 159 155 140 113 100 86 74 65 54 48 39 28 
0 21 499 479 333 332 329 308 285 282 264 260 259 250 156 149 127 126 105 102 38 33 10 
1 22 414 361 356 351 335 325 309 301 269 254 244 220 198 191 181 156 148 147 124 76 51 49 
1 22 463 462 456 452 440 391 356 318 315 302 209 196 182 157 132 131 128 125 83 82 53 7 
1 21 496 495 485 474 461 453 448 445 438 431 389 385 292 289 221 182 113 97 56 52 23 
1 18 474 428 426 364 334 318 313 306 255 231 224 218 207 180 173 90 72 25 
1 25 467 449 445 424 384 334 316 282 267 255 230 211 206 205 182 162 156 133 124 104 72 58 42 34 28 
1 20 495 482 477 429 410 394 385 370 367 338 331 325 297 230 191 184 65 40 18 2 
1 21 448 447 438 430 407 398 368 361 338 332 279 199 197 145 141 134 132 119 91 79 32 
1 21 499 488 463 456 439 417 401 397 390 316 248 191 165 122 108 32 24 20 16 14 5 
1 25 397 388 368 354 295 286 255 238 214 210 203 168 141 127 103 89 79 75 62 60 21 17 15 2 0 
1 14 499 439 406 403 385 375 354 332 324 307 303 289 169 139 
1 29 489 481 452 432 419 416 411 404 387 378 372 367 331 311 295 274 251 233 228 222 169 103 101 87 83 68 59 39 30 
0 20 494 483 457 455 440 422 407 370 344 260 242 204 155 152 148 118 102 101 96 48 
1 26 495 468 451 448 423 383 349 346 341 332 311 296 230 208 193 192 189 158 142 129 124 114 113 101 94 46 
1 27 493 397 394 380 354 351 347 294 293 256 231 225 220 213 211 187 180 164 155 145 140 136 93 68 42 40 37 
1 17 466 447 435 341 316 313 305 299 292 231 206 204 149 96 59 39 8 
1 29 494 488 466 464 453 406 392 342 323 321 286 241 237 215 208 199 131 125 102 101 95 78 73 72 67 29 16 14 1 
1 20 456 401 349 315 283 280 234 219 214 199 180 124 96 86 61 51 43 39 18 7 
1 16 498 467 420 341 335 301 294 277 152 142 138 130 122 101 97 66 
0 29 495 464 427 414 412 359 319 313 310 293 284 266 240 237 227 226 209 207 194 171 162 153 135 126 115 110 68 14 0 
1 21 492 480 462 461 454 449 381 371 362 347 332 319 306 298 227 213 212 143 139 61 21 
1 20 485 484 483 456 435 386 380 357 286 236 189 174 171 145 118 66 49 47 29 16 
0 27 464 457 444 441 425 414 390 379 373 314 303 301 283 273 254 231 204 199 178 168 151 138 126 83 40 35 19 
1 18 486 459 438 404 358 317 252 200 176 166 132 122 113 97 91 85 57 56 
1 28 443 386 376 375 368 349 342 334 330 317 292 287 283 262 246 237 216 211 100 90 71 68 55 40 31 18 9 4 
1 23 492 451 446 443 423 404 365 347 339 337 310 299 291 289 272 216 196 131 126 116 53 28 22 
1 22 488 449 435 429 415 385 383 338 214 211 208 191 172 169 147 136 127 108 89 45 27 24 
1 29 454 442 441 421 378 344 333 322 297 260 255 246 243 227 216 193 185 167 158 156 155 123 104 90 61 56 45 39 30 
1 32 470 436 435 421 411 399 374 358 354 349 317 303 294 293 279 277 272 252 250 215 208 207 199 197 186 147 136 123 83 80 70 56 
1 26 497 474 462 447 438 427 424 416 374 357 307 299 285 274 250 237 212 209 168 140 114 105 79 68 37 12 
1 26 493 481 445 395 393 378 349 321 300 286 284 255 253 234 221 182 140 139 108 94 71 49 31 24 17 5 
0 34 495 476 467 449 442 395 355 343 324 296 285 276 271 264 250 244 239 217 209 178 175 146 125 101 91 85 83 82 63 61 25 22 7 6 
0 29 471 470 468 465 445 422 417 392 376 352 347 337 323 321 318 298 279 251 243 224 222 213 202 196 167 139 42 40 24 
1 26 496 490 460 442 434 425 414 390 384 347 309 304 253 250 241 218 202 153 151 137 125 107 100 44 23 19 
1 28 454 426 369 368 363 352 348 318 310 294 293 280 265 258 229 217 216 199 185 156 142 133 115 113 65 45 40 0 
1 24 457 438 426 422 350 348 338 336 335 315 239 221 211 202 152 97 87 86 53 49 32 10 9 3 
1 27 493 471 433 382 312 310 295 280 215 207 200 189 188 173 160 155 131 122 120 106 93 90 80 56 53 42 17 
0 30 451 439 433 421 395 382 378 351 328 314 304 279 270 258 250 213 205 177 167 144 142 133 103 90 87 75 61 50 37 23 
1 34 482 464 458 452 447 440 424 419 398 390 384 360 331 327 320 313 309 306 298 289 283 274 269 237 229 224 221 165 103 96 92 89 85 23 
1 24 485 464 422 387 383 379 326 303 289 283 273 269 248 208 170 161 155 146 143 138 109 87 79 45 
1 30 490 483 468 467 451 432 425 408 394 376 358 330 316 291 266 264 230 229 216 213 209 191 183 134 120 92 70 61 15 0 
1 23 359 353 352 349 320 305 286 268 224 219 183 180 156 154 136 75 58 56 28 27 20 15 10 
0 27 496 487 446 445 422 390 386 384 360 359 324 317 282 261 245 224 180 154 150 139 112 91 83 62 58 39 36 
0 25 471 455 449 420 411 406 398 320 299 293 287 275 200 198 179 161 139 133 127 111 108 97 40 7 3 
1 19 498 447 366 353 334 327 298 284 280 270 199 121 112 100 87 68 61 16 14 
0 23 478 468 451 350 349 301 285 245 200 197 190 182 178 163 124 113 109 98 86 72 69 47 16 
1 30 474 445 442 435 423 416 370 349 332 324 315 309 300 277 273 256 251 248 220 157 150 93 84 81 74 62 47 37 1 0 
1 25 499 493 485 467 464 461 445 413 395 354 352 348 333 321 307 257 222 186 152 147 143 133 128 52 13 
1 24 478 471 451 440 434 408 407 396 388 384 356 332 294 283 277 265 250 201 149 148 88 86 57 44 
1 27 483 459 447 405 390 389 386 375 359 342 331 315 308 292 288 202 156 127 125 122 121 84 79 78 56 30 25 
0 28 496 482 470 469 464 415 381 371 364 355 343 340 339 330 296 270 243 230 206 202 166 154 106 90 88 35 18 11 
1 30 457 449 448 445 442 437 426 420 378 356 345 343 327 293 275 259 244 241 232 209 193 130 121 112 109 106 97 85 42 21 
1 25 480 466 419 408 377 351 302 284 265 236 233 212 206 191 186 176 135 120 84 56 55 44 35 17 1 
1 28 490 455 445 435 428 358 356 352 349 330 328 324 304 255 251 230 208 171 170 156 126 118 100 97 76 39 31 11 
1 26 487 480 476 417 367 338 334 301 293 288 256 251 247 232 230 219 214 208 200 167 166 122 111 84 48 18 
1 24 496 451 448 423 419 408 403 402 383 365 348 341 329 291 289 280 274 238 169 156 155 135 102 60 
0 22 498 491 430 423 407 356 348 344 268 266 252 243 228 212 161 129 99 91 65 50 32 19 
1 38 495 469 443 412 394 390 380 353 346 342 325 313 291 248 240 237 235 219 216 204 180 176 174 173 157 152 150 143 112 99 87 83 64 62 49 35 22 10 
1 24 472 471 464 401 377 364 328 312 293 274 270 259 225 203 196 179 158 116 91 71 58 54 52 10 
1 31 493 488 484 428 424 409 325 316 292 277 251 235 221 203 202 191 171 164 142 141 124 121 81 78 75 66 56 33 19 10 4 
1 23 427 393 388 380 362 325 304 301 290 272 257 192 191 184 172 147 91 75 72 46 44 9 0 
0 25 497 444 424 422 362 348 340 329 328 327 314 295 270 263 260 208 164 134 132 129 39 30 17 13 6 
1 21 494 478 475 443 418 404 396 387 344 325 297 283 279 278 228 213 207 100 99 14 2 
0 24 494 492 466 449 383 289 287 259 257 250 231 216 186 170 165 139 100 91 85 65 37 35 22 0 
0 24 482 478 472 466 462 450 434 428 412 404 403 398 332 320 275 274 229 179 75 54 31 13 11 10 
0 21 483 428 404 398 377 363 334 331 319 298 296 293 214 185 138 132 130 114 88 73 37 
1 28 493 479 477 458 449 437 344 335 332 302 287 285 271 233 206 202 197 167 141 132 127 125 84 74 53 41 35 10 
0 22 484 482 466 461 425 401 391 341 282 253 243 228 217 199 181 143 129 116 107 70 49 8 
1 21 497 495 486 464 421 411 403 326 287 271 229 150 113 95 68 58 35 27 20 5 0 
0 24 493 489 464 410 366 308 301 297 286 265 245 229 219 216 212 190 164 157 139 135 117 102 77 34 
1 26 498 484 444 426 413 411 394 359 343 317 315 314 312 261 256 222 210 207 206 152 121 117 85 44 43 10 
1 22 460 415 382 380 363 354 334 329 323 294 250 234 225 204 194 147 106 95 83 45 41 3 
1 28 491 473 472 448 385 366 347 328 316 306 299 293 247 243 232 229 209 205 199 178 163 147 137 122 116 111 100 55 
1 23 496 477 458 425 407 392 385 381 373 362 327 316 313 308 292 159 139 113 107 82 77 41 27 
1 23 499 485 484 463 425 423 382 357 326 316 310 255 251 245 220 159 158 123 118 83 45 13 3 
1 23 468 466 463 459 453 452 380 339 338 308 305 295 279 216 198 197 188 187 149 104 98 41 34 
1 26 493 473 470 464 418 416 397 380 373 347 339 320 304 293 266 261 248 245 211 135 114 77 31 24 23 1 
1 27 463 439 419 418 409 389 353 345 321 319 303 301 275 268 265 262 255 196 188 176 146 137 96 83 48 33 23 
0 23 492 490 474 443 398 357 302 282 255 225 182 152 149 148 132 122 92 79 69 49 22 4 2 
1 19 400 382 359 340 326 320 309 299 279 260 259 192 187 133 98 87 59 51 37 
1 15 454 384 364 321 290 273 256 229 180 178 171 166 165 84 12 
1 28 499 495 485 481 455 446 443 385 368 365 359 290 245 230 218 187 186 184 160 146 106 89 59 54 30 29 25 13 
0 24 498 466 458 453 432 403 397 393 388 377 362 349 287 280 238 207 206 195 167 97 89 54 15 12 
0 33 498 495 470 465 426 401 396 389 355 330 309 290 281 262 261 254 230 228 227 213 209 205 204 137 124 104 97 84 82 77 58 11 10 
1 23 476 450 423 390 365 331 330 305 280 249 240 180 164 162 144 122 96 93 90 59 40 15 14 
1 30 490 487 478 474 450 449 402 360 351 342 334 316 305 222 177 171 157 154 127 124 123 109 108 105 62 53 51 31 22 7 
1 22 499 491 477 456 436 424 414 390 378 342 322 310 273 270 268 254 250 197 66 44 37 29 
1 31 490 467 447 437 436 414 407 383 377 370 367 341 340 312 304 279 271 234 230 212 207 204 176 158 150 142 134 92 45 40 5 
1 21 477 456 441 432 424 412 377 376 359 325 306 305 286 223 166 159 120 119 110 31 28 
0 33 451 442 430 418 398 394 382 377 368 345 321 317 311 282 267 218 202 194 187 179 166 139 128 89 75 70 45 40 32 21 19 5 0 
1 27 469 455 453 448 447 420 347 344 332 306 249 168 166 138 133 130 128 114 110 93 89 84 81 76 75 74 13 
1 19 491 460 457 411 392 368 366 312 268 242 227 141 132 118 37 35 30 29 11 
1 26 462 439 412 407 399 345 331 327 288 287 280 275 269 245 242 236 188 165 159 126 78 72 61 49 28 13 
0 30 488 484 468 467 459 453 431 409 390 364 361 316 311 310 302 290 289 251 217 214 206 171 107 79 77 55 22 14 9 1 
1 27 487 479 477 442 404 396 373 368 337 308 301 300 296 285 283 279 272 268 224 204 198 166 156 153 93 13 0 
0 25 493 480 470 460 395 355 352 300 290 248 224 220 214 204 196 170 127 125 122 117 93 58 48 16 2 
1 21 492 479 437 404 402 364 340 307 292 269 256 236 211 198 170 141 61 56 54 51 26 
0 28 485 480 461 409 397 379 376 367 350 308 302 296 289 287 254 253 237 236 229 165 161 142 96 93 78 64 18 5 
1 27 477 463 455 453 416 407 366 363 332 312 299 296 212 210 202 163 158 141 135 123 116 110 95 68 63 62 1 
1 30 492 482 464 450 437 423 417 416 403 401 387 377 364 357 326 302 283 269 265 264 243 241 185 142 140 110 68 64 61 3 
0 29 476 455 451 437 419 408 376 375 374 350 338 305 286 252 240 233 224 204 183 179 139 109 105 99 96 83 68 62 11 
0 21 496 449 431 425 311 308 306 303 257 256 247 234 207 199 178 161 155 61 52 45 21 
1 28 497 496 457 456 452 451 419 393 370 363 354 333 329 284 276 242 212 190 179 129 126 125 120 118 102 51 11 1 
1 23 497 493 492 447 363 361 308 295 283 278 241 235 221 198 174 140 114 99 83 48 44 38 25 
1 23 473 458 447 442 435 389 343 336 334 325 304 297 296 274 211 191 183 180 147 128 124 55 50 
0 22 493 491 457 449 427 420 397 382 373 340 297 293 252 237 233 149 125 122 110 97 56 34 
1 31 460 426 420 418 413 397 395 389 382 381 374 358 348 262 256 248 218 195 141 132 107 101 94 90 81 45 36 35 30 13 0 
1 22 482 460 442 428 394 393 364 337 328 316 315 275 254 249 244 219 182 155 73 71 43 22 
1 31 483 469 434 403 401 399 397 389 387 383 358 357 353 326 320 289 243 235 229 208 178 157 145 122 112 107 97 71 56 48 5 
1 27 481 435 414 392 390 384 362 354 351 348 335 313 305 259 254 211 208 197 146 142 124 93 80 78 43 22 7 
1 23 490 464 423 339 336 310 280 254 253 245 181 173 152 150 138 132 82 76 74 65 60 45 23 
1 22 444 418 398 396 353 346 327 324 299 245 223 171 168 157 148 120 111 65 63 60 32 11 
1 24 499 493 475 447 438 402 399 352 342 309 266 261 253 201 191 157 141 123 95 93 79 68 36 16 
1 27 477 407 400 382 349 346 344 336 289 279 264 262 216 214 157 156 147 134 120 116 92 85 67 54 39 31 23 
1 18 454 438 388 384 289 193 189 155 142 117 115 114 111 92 86 74 18 6 
1 32 484 480 476 470 463 456 443 436 434 433 432 431 398 381 374 357 342 301 267 261 232 223 201 182 101 62 58 44 29 28 25 3 
0 20 499 437 404 378 374 305 275 236 219 209 188 133 118 91 90 78 59 56 30 0 
0 19 487 475 473 459 399 392 266 236 201 196 194 129 108 69 53 51 46 28 22 
0 25 497 488 478 412 405 393 360 349 331 328 277 246 242 236 229 205 188 183 168 144 128 102 87 59 15 
1 17 467 429 411 393 371 370 361 355 284 283 213 187 185 180 95 93 39 
1 23 482 450 442 441 433 411 396 378 355 304 279 265 241 217 200 190 144 91 73 70 39 37 34 
0 18 482 478 435 355 352 343 295 287 279 230 192 191 144 125 72 60 28 13 
1 24 456 408 388 386 354 344 343 342 337 320 313 307 250 224 173 148 133 104 102 83 78 48 38 4 
0 31 499 484 469 454 417 375 371 341 306 292 285 282 266 246 244 231 188 176 139 127 125 111 100 96 92 89 46 39 37 17 9 
1 22 468 452 438 430 429 426 405 352 294 277 253 219 211 195 165 119 77 60 55 36 33 7 
0 23 484 478 474 459 427 426 395 390 331 330 326 315 312 276 269 209 186 177 165 83 32 25 13 
0 19 476 468 442 383 370 361 328 305 275 240 228 220 210 206 179 144 131 121 24 
1 29 487 480 477 475 457 442 441 428 417 403 368 361 360 344 334 329 326 292 291 224 217 209 159 148 140 75 21 2 1 
1 34 494 483 480 476 451 450 420 414 402 389 381 363 342 318 310 294 281 268 254 248 193 183 160 157 140 132 126 122 63 55 29 27 13 5 
1 24 461 456 442 440 422 415 406 391 369 364 335 303 297 293 288 260 224 191 158 86 79 70 15 14 
1 26 498 445 404 402 401 336 328 327 281 265 261 258 243 240 238 229 213 190 180 173 141 116 97 95 55 9 
1 16 482 446 441 377 304 297 279 276 222 191 132 121 114 91 31 26 
1 25 498 445 430 412 410 363 354 317 294 266 250 207 205 183 177 172 157 143 123 111 101 64 54 29 14 
1 23 481 463 446 420 377 369 337 315 303 264 244 243 241 238 234 233 232 193 183 175 133 100 77 
1 19 461 450 408 383 363 361 359 338 332 304 258 232 128 120 99 88 70 37 35 
0 29 480 475 453 401 380 364 348 341 339 312 304 297 293 288 277 263 245 213 197 196 153 119 112 111 108 71 63 26 4 
1 29 497 494 493 486 466 440 430 412 384 322 257 229 217 210 205 193 176 167 161 159 132 94 85 84 82 56 53 46 35 
0 20 428 423 398 372 364 346 328 287 271 188 167 148 140 119 109 103 66 49 43 27 
1 27 485 460 452 446 404 374 373 362 357 337 315 285 252 223 193 173 150 149 122 118 102 92 68 55 40 3 2 
0 19 407 362 344 325 312 295 269 261 254 245 244 222 221 163 144 61 54 41 5 
1 22 469 467 441 380 361 350 302 292 286 285 251 216 211 200 199 150 133 106 90 84 79 78 
0 21 478 439 425 405 401 375 366 349 338 317 303 224 192 155 135 90 49 43 26 5 3 
1 29 492 476 473 459 435 408 363 361 360 352 337 331 269 264 263 244 238 230 207 204 194 176 159 133 96 65 54 31 5 
1 26 480 435 428 414 406 392 370 366 344 333 320 319 298 293 262 235 142 136 117 107 105 104 102 92 61 58 
1 18 486 416 372 367 363 347 283 245 210 188 128 124 101 79 57 21 18 2 
1 21 413 411 368 334 243 224 218 217 189 174 165 146 141 135 131 100 82 44 35 18 13 
1 24 461 414 396 390 385 363 354 338 322 313 272 263 231 215 188 186 169 163 143 141 136 90 87 68 
0 24 465 445 441 436 410 385 383 367 351 340 310 248 246 199 191 171 111 91 81 76 66 55 28 20 
1 20 486 466 382 363 354 337 323 319 310 265 226 223 191 175 111 105 103 84 75 26 
0 32 490 463 461 460 459 433 425 414 393 385 371 351 349 320 319 317 280 278 266 247 223 202 160 152 145 136 128 126 123 119 23 2 
0 21 488 455 429 413 396 379 373 304 253 224 206 198 195 159 142 125 106 93 23 19 13 
0 23 473 446 445 426 398 384 298 271 265 244 240 238 228 220 195 175 158 157 131 70 49 19 9 
1 28 451 440 432 422 420 394 368 353 347 342 328 311 303 267 262 243 194 189 183 178 158 156 152 88 86 82 47 8 
1 29 497 482 478 454 397 389 377 355 310 307 303 295 249 242 227 185 178 174 160 142 108 107 94 93 92 81 79 29 1 
1 25 494 480 473 470 440 438 427 423 421 417 415 412 352 348 332 314 227 133 96 93 67 62 55 8 0 
1 24 483 469 452 440 439 420 402 387 324 261 249 243 230 189 167 152 133 116 79 69 65 60 43 16 
0 26 481 480 469 463 454 442 440 431 400 375 374 346 325 323 298 283 266 237 218 213 204 161 136 130 43 41 
1 18 459 454 409 391 387 373 347 343 319 312 274 205 193 154 84 35 30 23 
1 25 499 498 488 481 472 457 449 441 430 405 400 361 325 302 250 239 234 129 128 108 101 74 20 19 2 
1 39 497 483 477 471 455 453 443 404 401 398 383 364 342 341 288 277 274 256 250 223 194 190 186 174 165 151 149 144 140 132 119 109 86 66 56 34 33 27 12 
0 23 474 451 439 435 434 429 409 384 326 305 281 240 209 207 180 158 142 125 120 104 98 68 9 
1 24 497 474 473 452 425 417 399 354 353 331 301 284 266 221 196 167 146 144 138 127 92 91 57 26 
0 31 491 485 483 466 452 443 434 427 416 409 382 378 354 309 287 263 251 247 234 166 157 154 134 128 114 101 51 35 27 25 10 
1 20 463 457 451 430 425 366 361 344 332 331 317 200 187 157 155 153 144 115 77 4 
0 21 489 485 476 357 355 332 310 307 293 266 239 238 230 220 216 203 168 140 57 52 33 
1 29 476 458 449 443 410 407 388 383 361 360 345 306 298 273 245 209 195 179 173 171 152 130 119 109 101 94 78 77 52 
0 25 476 445 409 323 292 283 282 188 156 151 150 141 129 125 94 93 87 67 64 43 38 33 22 10 7 
1 23 482 447 445 434 407 384 316 297 294 290 287 267 233 215 208 184 165 162 147 117 108 37 5 
1 29 480 473 467 409 392 365 354 339 329 311 310 301 280 268 247 219 190 176 164 152 135 121 111 44 39 33 20 17 6 
1 33 498 491 488 484 470 467 463 343 341 316 314 293 284 260 250 247 201 191 180 165 162 155 148 140 129 112 106 105 51 45 34 8 4 
1 30 489 478 472 443 432 428 418 416 404 396 356 329 328 322 295 288 277 222 217 215 203 202 176 143 135 124 97 91 83 27 
1 27 406 380 379 361 338 325 306 290 289 259 249 235 209 189 138 127 112 84 70 58 55 41 40 24 9 6 1 
1 21 493 417 409 380 360 315 284 274 229 180 168 163 162 148 138 132 125 121 28 18 10 
1 23 498 489 431 425 398 392 382 362 320 319 314 308 259 251 250 249 186 174 162 145 89 36 9 
0 25 499 471 457 449 415 405 379 374 281 261 234 233 216 207 197 193 168 160 126 80 67 51 35 27 0 
0 22 498 456 418 413 391 387 379 344 311 262 206 193 179 177 122 74 67 60 59 38 37 18 
0 24 467 462 432 428 411 370 356 348 258 240 225 221 219 200 196 188 187 157 156 137 78 77 76 62 
0 20 449 431 425 407 370 343 337 295 266 239 187 176 163 153 148 99 92 81 65 20 
0 22 478 476 457 443 404 375 370 292 291 248 235 215 192 184 173 170 145 108 80 41 25 17 
1 24 453 452 448 447 422 417 415 370 363 319 303 288 248 234 208 205 200 180 153 147 109 54 13 2 
0 30 479 473 460 459 441 415 398 397 376 364 359 308 301 283 281 276 270 248 246 224 171 161 150 129 108 89 84 44 37 34 
0 20 495 492 466 402 370 342 341 283 242 228 226 213 203 169 142 128 121 28 26 13 
1 24 492 480 451 450 442 440 371 355 354 351 342 321 306 233 178 156 152 141 118 117 87 41 12 3 
0 26 473 409 379 369 367 290 284 278 262 258 248 229 212 206 204 165 164 159 150 146 142 114 78 76 25 23 
1 22 497 480 446 415 410 396 347 332 292 265 263 226 155 141 138 137 112 85 61 29 15 10 
1 23 472 458 437 411 410 409 407 391 384 303 293 267 257 254 226 218 204 191 155 133 121 120 83 
0 23 481 469 460 435 413 402 395 386 382 375 343 282 277 253 249 208 138 114 90 83 30 18 9 
1 34 496 490 482 467 465 464 463 437 411 384 382 381 375 362 359 349 344 306 301 288 286 282 245 224 216 197 182 122 111 107 97 81 76 64 
1 26 488 466 433 425 420 417 414 370 336 333 317 312 280 279 168 121 110 93 74 66 63 53 45 32 20 5 
1 20 366 325 316 277 249 164 156 149 145 139 126 122 120 116 115 78 58 11 9 0 
1 37 491 478 475 463 422 421 406 402 387 385 308 306 302 301 297 287 285 260 258 237 212 209 197 191 189 140 136 111 104 100 81 79 60 59 42 10 1 
1 28 494 475 462 459 439 406 393 388 386 336 297 280 243 232 214 208 207 197 195 180 133 121 89 84 58 50 36 4 
0 30 482 434 422 367 359 358 345 342 304 299 293 284 270 262 250 203 189 136 119 116 115 113 105 102 97 61 34 16 9 6 
0 29 451 434 345 327 310 306 268 262 258 250 248 243 237 230 214 181 178 165 160 136 112 98 78 37 22 15 13 12 6 
0 33 483 482 469 432 429 420 413 360 356 340 321 318 306 298 286 281 275 260 223 214 206 170 169 161 140 136 123 98 89 84 78 11 9 
1 19 475 468 437 389 383 375 354 340 339 319 249 170 121 101 83 76 73 36 17 
1 34 499 496 484 466 459 448 437 418 415 407 383 357 355 344 310 303 300 295 292 280 268 246 230 210 198 187 179 168 159 73 72 60 49 28 
0 26 484 478 434 417 416 410 393 379 357 330 293 266 257 243 236 165 160 151 137 136 124 110 85 78 72 2 
1 24 485 434 414 390 353 348 345 337 330 271 258 212 180 167 162 146 112 91 79 77 71 47 36 1 
1 25 496 412 411 408 378 369 335 289 282 275 227 212 105 102 94 88 80 75 70 65 62 51 43 19 16 
1 21 488 414 405 355 353 345 336 308 298 267 250 215 205 194 154 140 125 123 119 105 17 
0 24 497 430 384 377 370 357 343 341 276 272 263 257 231 226 193 186 173 125 118 104 79 77 58 24 
1 29 494 489 433 429 418 413 382 360 357 346 306 290 277 267 253 243 196 186 163 151 145 142 123 106 86 70 66 65 12 
1 20 484 478 440 420 359 337 328 321 293 246 235 225 214 162 141 114 113 90 59 10 
1 29 493 477 465 462 451 446 435 412 404 397 380 372 348 330 304 278 250 234 216 213 202 181 176 125 117 108 79 28 16 
1 21 441 435 404 393 362 361 350 346 326 288 244 180 179 127 108 54 53 51 44 14 8 
1 28 488 470 404 401 389 384 352 322 302 275 258 246 242 240 225 220 173 172 156 146 82 66 51 49 41 35 14 4 
1 25 490 479 459 446 431 347 319 284 275 257 253 237 231 221 213 124 122 100 86 74 69 57 31 20 14 
1 31 496 470 467 445 442 424 418 411 404 388 370 353 332 330 329 263 257 250 231 207 204 200 194 159 156 114 100 41 31 24 12 
1 32 496 487 485 442 365 354 331 324 323 313 305 302 294 293 277 274 271 252 250 226 225 217 208 205 198 196 193 122 63 62 45 13 
0 13 482 467 459 442 402 338 287 137 125 89 63 29 18 
1 32 493 451 443 436 417 403 391 337 330 322 319 318 307 271 270 234 216 214 201 190 181 174 158 157 116 102 77 76 61 29 20 1 
1 27 482 479 472 465 463 442 431 424 423 395 374 348 342 302 295 286 273 260 236 215 147 126 96 70 48 20 9 
1 29 485 480 450 381 379 348 330 300 295 287 268 221 212 211 204 141 136 132 126 108 97 85 81 45 38 28 10 6 3 
1 19 477 472 449 441 411 410 395 378 363 345 312 305 215 187 186 171 162 110 41 
1 22 497 463 461 424 409 370 350 338 331 305 287 283 231 198 195 187 168 154 121 97 87 4 
1 25 489 429 414 313 303 298 291 287 254 246 213 203 190 184 180 130 117 93 87 76 53 39 23 18 14 
1 22 488 477 469 467 440 425 413 327 319 313 194 190 163 162 144 141 106 56 51 47 5 1 
0 24 499 487 438 435 423 416 409 406 397 372 359 331 327 247 218 207 193 188 185 183 103 91 41 3 
1 26 493 492 416 415 380 340 333 301 284 259 258 252 246 241 236 223 221 219 204 196 187 177 174 147 70 35 
0 22 450 446 445 390 382 372 367 317 222 217 210 183 170 132 131 123 98 95 77 38 4 2 
1 25 495 485 433 421 420 419 397 383 381 370 355 339 309 286 218 195 191 181 159 150 133 103 65 62 46 
0 32 472 469 459 414 382 368 353 349 343 341 328 321 261 254 245 239 235 214 174 142 138 126 107 103 78 64 47 40 34 21 11 10 
0 29 498 484 483 458 452 445 433 425 408 396 380 376 373 340 319 317 303 300 245 244 166 162 154 145 108 58 53 4 3 
1 22 482 467 462 435 351 349 321 255 253 242 218 209 207 166 156 151 133 89 19 14 12 5 
0 31 499 468 439 437 423 411 409 398 390 383 382 370 352 350 309 307 275 225 220 196 158 149 118 96 86 74 61 45 20 13 3 
1 22 441 413 411 388 364 336 285 266 245 235 196 179 174 112 107 98 85 84 61 46 11 9 
1 36 496 479 467 465 449 447 442 422 408 386 376 375 362 354 322 319 305 293 261 246 243 237 224 217 196 189 163 161 158 150 94 87 41 20 18 9 
0 23 478 449 417 414 410 383 363 320 304 295 276 267 221 213 207 185 181 131 123 110 94 60 2 
1 23 478 458 452 451 424 380 378 370 348 329 325 322 314 276 238 232 227 194 182 129 95 46 31 
0 26 495 487 476 468 464 453 419 417 393 352 336 329 302 294 276 258 245 216 180 172 105 91 85 38 27 4 
1 15 403 399 391 323 278 221 178 150 142 132 131 104 85 83 59 
0 24 485 473 464 382 372 349 340 309 297 206 162 129 118 103 91 78 76 66 60 40 35 34 32 28 
1 30 492 472 461 455 443 424 413 405 373 348 314 281 271 263 253 231 227 219 212 205 201 192 107 95 78 72 61 47 41 34 
1 23 498 495 471 457 428 425 419 324 266 248 242 233 220 183 164 160 146 144 133 118 112 83 75 
0 27 462 442 404 365 342 340 333 308 295 288 232 225 218 208 204 194 190 157 155 124 62 50 44 32 22 14 3 
1 23 445 424 417 360 346 341 327 311 216 202 196 192 158 111 99 88 74 72 52 49 48 7 1 
1 23 496 494 488 474 437 436 397 358 354 351 333 318 280 275 241 201 182 171 153 147 99 95 2 
1 32 474 466 459 427 391 367 360 358 350 331 324 321 314 302 291 285 269 248 224 222 219 215 196 145 128 124 122 118 116 113 82 68 
1 20 498 492 457 446 409 391 383 318 317 271 267 192 184 106 105 69 66 45 31 26 
1 23 489 485 476 436 338 336 323 312 286 274 268 261 258 251 243 234 230 219 193 111 94 86 33 
1 30 492 482 464 463 454 451 442 357 356 328 310 305 297 288 258 249 234 220 200 184 178 166 150 146 126 121 104 82 52 41 
1 18 470 456 439 416 414 408 391 373 358 357 323 316 284 221 209 120 104 86 
1 28 494 489 478 430 428 424 413 387 385 338 337 325 311 299 273 244 230 199 196 182 160 143 124 123 58 57 30 2 
1 25 480 473 451 429 413 378 371 367 341 336 329 302 265 263 255 252 248 218 182 127 123 121 116 86 37 
