13 101
7 2 14 14 14 12 8 7 6 9 1 13 4 
2 8 3 
5 12 12 3 4 11 
3 11 8 5 
2 11 3 
3 11 11 1 
1 7 
3 5 9 13 
3 9 8 2 
1 10 
2 2 6 
2 10 2 
2 3 1 
4 11 5 3 10 
1 13 
4 9 10 5 5 
4 2 1 6 5 
2 3 13 
3 1 2 5 
1 2 
2 8 7 
1 12 
3 2 2 4 
4 1 13 10 6 
1 9 
3 9 2 11 
1 3 
5 9 12 8 8 3 
5 2 2 3 3 5 
1 8 
4 2 10 9 11 
3 8 8 3 
1 3 
4 5 10 3 12 
3 2 6 10 
3 6 11 9 
2 6 10 
4 8 3 7 11 
4 13 3 3 1 
1 4 
5 6 7 2 7 2 
3 5 8 12 
5 5 6 6 11 13 
5 4 10 9 12 11 
3 7 13 5 
2 8 5 
5 11 6 6 11 5 
4 2 5 6 3 
2 8 10 
3 8 11 11 
4 2 1 13 6 
5 5 6 7 1 8 
4 13 13 4 2 
1 8 
1 12 
2 2 13 
5 11 6 6 9 2 
2 6 5 
2 6 6 
2 9 9 
1 2 
2 10 2 
3 9 1 1 
1 1 
5 7 1 12 10 2 
4 12 7 5 7 
1 13 
3 12 9 10 
4 10 2 6 1 
1 1 
5 8 1 10 1 1 
1 4 
2 7 6 
2 7 1 
3 3 3 3 
4 6 10 7 13 
3 6 4 11 
1 9 
1 3 
4 13 4 1 2 
4 4 3 13 7 
5 6 12 8 7 13 
3 12 12 10 
5 7 6 7 13 4 
5 7 10 8 11 2 
2 8 7 
3 4 3 9 
1 2 
1 6 
2 1 6 
4 6 4 6 9 
1 1 
5 9 9 5 1 13 
3 6 10 12 
3 9 9 8 
2 2 3 
1 12 
5 4 10 1 6 11 
5 13 12 8 2 3 
2 9 12 
1 7 
2 1 7 
