18 748
2 11 5 10 2 4 10 2 8 8 12 7 1 8 11 7 6 6 
3 2 10 6 
5 3 6 13 2 1 
3 11 5 8 
5 8 8 11 16 4 
3 12 7 8 
2 7 7 
2 10 7 
5 14 9 6 10 4 
4 14 15 3 17 
3 13 6 9 
4 18 9 5 2 
3 1 2 11 
4 1 7 5 6 
5 1 18 12 18 6 
5 16 9 16 9 10 
3 14 18 9 
3 15 13 15 
1 10 
5 16 12 9 11 12 
2 8 1 
1 17 
5 7 5 2 3 15 
5 13 1 17 10 14 
1 9 
3 6 6 15 
3 9 9 9 
1 16 
5 8 11 9 10 16 
1 16 
3 16 8 5 
4 14 8 8 1 
2 14 5 
3 8 13 5 
2 10 13 
4 3 7 7 2 
2 10 17 
2 9 15 
4 17 9 15 6 
3 16 18 4 
2 2 7 
1 16 
2 16 17 
4 12 13 8 15 
1 10 
1 6 
2 8 15 
2 9 16 
4 13 12 6 15 
3 2 11 5 
4 18 1 9 5 
5 6 15 10 13 16 
2 10 18 
5 18 6 11 10 10 
2 13 16 
3 18 3 17 
1 5 
1 2 
3 7 17 3 
4 18 7 6 17 
3 16 14 10 
5 2 3 14 18 10 
4 10 18 18 18 
1 1 
5 5 14 3 14 3 
1 1 
5 16 8 9 14 9 
2 16 4 
3 13 16 18 
1 17 
3 4 15 17 
5 8 7 13 14 14 
3 8 12 9 
3 13 11 12 
2 15 13 
4 14 4 16 14 
1 13 
5 7 16 14 15 17 
3 12 7 10 
2 4 6 
1 11 
4 4 4 14 8 
4 5 7 18 10 
1 11 
4 17 6 18 13 
5 10 5 18 13 2 
2 13 16 
5 3 1 14 6 8 
1 12 
2 13 10 
3 9 9 10 
5 14 9 13 4 14 
4 13 2 12 5 
2 10 2 
3 13 16 2 
4 5 3 5 8 
2 11 7 
2 2 9 
3 4 6 12 
1 7 
3 15 4 8 
2 6 13 
3 12 9 11 
4 5 4 5 12 
2 1 18 
2 14 11 
5 4 10 10 12 11 
4 4 1 7 16 
5 10 18 18 12 9 
1 13 
5 18 1 13 11 10 
4 15 5 1 13 
3 3 13 2 
5 5 10 6 1 9 
2 14 13 
5 9 11 1 12 8 
2 16 17 
4 17 3 12 11 
2 9 12 
4 7 2 12 6 
2 7 11 
1 13 
2 18 15 
4 12 14 14 3 
1 11 
4 10 14 13 10 
2 13 17 
5 6 4 3 14 18 
1 9 
3 12 10 4 
5 2 5 2 6 11 
1 3 
4 16 15 7 12 
1 6 
2 14 10 
1 14 
5 17 18 16 6 3 
2 4 11 
3 9 3 13 
3 18 6 2 
1 4 
2 6 1 
2 4 9 
2 11 3 
4 6 3 2 10 
3 10 16 14 
1 2 
4 3 11 10 18 
4 9 1 17 17 
2 16 15 
2 1 12 
1 18 
1 16 
2 12 9 
4 13 16 7 13 
3 1 16 4 
4 13 9 18 9 
2 3 4 
4 16 3 4 12 
4 11 5 3 14 
1 2 
1 6 
5 8 13 12 13 1 
3 7 13 8 
2 1 13 
2 14 13 
2 2 1 
2 18 10 
2 5 7 
2 13 4 
3 6 1 8 
4 7 1 5 3 
3 17 16 3 
3 12 2 12 
2 3 15 
5 4 13 10 12 15 
2 14 4 
1 3 
2 6 9 
4 11 10 5 15 
3 12 13 2 
5 9 11 8 18 15 
4 9 11 3 15 
2 6 4 
4 5 12 6 7 
4 10 15 8 10 
4 17 9 7 16 
1 12 
1 4 
3 14 6 12 
4 12 11 10 10 
4 18 5 5 18 
1 4 
1 5 
3 18 17 1 
5 15 13 1 10 10 
4 13 7 10 1 
5 15 15 11 2 17 
4 10 11 13 9 
3 5 4 4 
1 10 
3 14 18 2 
1 17 
1 13 
4 6 3 17 5 
5 17 2 5 8 12 
3 8 15 12 
2 1 10 
4 6 10 2 14 
1 17 
4 2 11 2 11 
4 10 13 14 9 
3 15 14 7 
4 17 12 2 7 
4 4 13 17 5 
1 5 
1 17 
4 1 8 7 11 
2 3 17 
4 3 5 16 4 
3 7 14 2 
1 12 
2 18 17 
1 12 
1 1 
1 10 
5 6 16 10 15 14 
5 9 18 4 2 14 
4 16 18 18 1 
1 11 
1 13 
2 8 3 
3 14 17 16 
3 6 10 2 
5 8 11 7 7 6 
2 7 10 
4 7 3 3 8 
5 17 11 18 2 2 
1 10 
4 6 4 14 14 
2 1 18 
3 4 15 17 
5 3 18 3 1 1 
1 15 
2 7 17 
4 16 8 16 6 
5 7 9 14 11 13 
1 4 
3 11 17 3 
2 13 9 
5 1 13 18 8 13 
4 14 11 16 9 
3 15 9 4 
5 16 14 9 18 10 
4 10 14 1 7 
3 11 16 9 
2 5 11 
4 15 5 16 4 
1 15 
4 12 17 9 3 
3 11 18 18 
3 12 4 4 
1 12 
1 1 
3 17 7 12 
3 7 8 7 
5 3 1 1 14 7 
2 5 16 
4 16 16 9 7 
3 4 1 9 
2 12 13 
2 4 9 
3 18 17 13 
2 15 3 
5 1 13 7 9 10 
3 2 4 4 
5 9 15 4 11 8 
5 10 8 11 11 12 
4 17 4 11 16 
2 17 7 
4 2 6 6 15 
5 12 9 11 9 8 
3 1 7 12 
5 14 7 4 1 11 
1 12 
2 10 17 
2 11 11 
5 13 4 15 1 6 
5 2 2 15 16 5 
5 9 4 18 13 16 
3 6 18 4 
5 13 3 5 1 8 
3 15 7 9 
3 10 13 7 
5 8 5 16 12 9 
4 10 2 15 12 
1 17 
4 14 11 11 2 
4 6 11 7 9 
2 7 14 
5 10 17 5 2 6 
1 4 
5 8 8 12 15 15 
5 9 14 9 11 9 
3 16 10 15 
3 12 8 2 
1 6 
4 8 1 15 9 
1 13 
4 13 14 7 17 
5 1 2 9 17 18 
5 2 12 5 7 2 
2 3 9 
3 5 7 6 
2 16 12 
5 3 14 6 11 13 
1 18 
3 12 10 15 
3 17 7 18 
5 10 4 6 5 12 
2 2 18 
5 7 4 9 17 17 
4 12 18 2 10 
4 2 13 7 15 
2 8 13 
2 7 18 
3 10 7 8 
2 5 3 
4 7 11 15 1 
3 5 4 18 
5 6 8 3 9 17 
5 13 18 5 3 2 
5 13 16 16 10 18 
5 11 17 9 9 9 
4 16 7 2 4 
1 14 
2 3 15 
3 8 8 9 
5 3 17 12 3 10 
4 4 2 17 17 
2 16 2 
2 6 8 
4 15 7 5 5 
1 5 
3 13 11 12 
4 5 14 3 3 
3 5 13 10 
3 10 6 18 
1 1 
3 16 2 6 
3 17 2 11 
5 10 4 4 14 2 
5 11 13 15 3 12 
1 13 
3 13 13 2 
4 6 18 6 2 
4 3 11 5 12 
3 11 4 7 
5 18 12 17 14 7 
4 2 14 2 15 
2 8 17 
1 9 
4 1 16 1 18 
1 11 
4 17 15 11 7 
5 12 6 15 7 12 
2 14 14 
1 4 
1 14 
2 9 3 
1 3 
2 9 8 
1 5 
1 5 
4 4 13 18 9 
1 12 
4 15 9 5 9 
3 5 4 3 
4 15 12 2 6 
1 3 
2 9 3 
3 1 6 9 
1 7 
3 7 9 12 
3 3 13 2 
3 16 11 17 
3 12 5 5 
2 11 4 
2 6 2 
3 4 1 3 
5 1 5 12 12 13 
5 17 12 7 1 3 
5 1 13 17 17 2 
3 6 9 17 
2 11 5 
5 10 8 7 12 5 
3 15 7 13 
5 13 18 2 10 12 
3 12 1 15 
3 12 16 5 
5 13 14 17 9 4 
3 15 14 6 
5 1 12 7 7 16 
1 15 
1 6 
4 17 6 1 5 
5 7 4 5 9 5 
5 13 4 9 1 14 
3 6 1 6 
5 2 11 16 13 7 
3 3 11 16 
4 4 13 7 17 
2 16 8 
5 16 7 12 9 1 
5 14 4 5 16 5 
3 10 5 16 
5 6 8 15 4 8 
3 14 9 16 
3 10 3 16 
2 3 16 
5 6 17 18 1 4 
5 3 14 5 17 16 
4 15 11 17 16 
4 18 9 3 7 
4 9 8 1 11 
4 11 10 10 2 
5 2 13 9 10 8 
4 14 17 11 2 
4 3 18 13 5 
1 4 
3 9 16 3 
3 14 5 8 
4 18 11 12 12 
5 5 10 8 3 2 
4 4 15 3 16 
1 15 
4 14 1 6 16 
5 12 16 3 9 11 
1 1 
1 14 
5 9 14 2 4 1 
2 9 13 
4 13 2 18 16 
4 9 8 1 11 
1 5 
5 15 12 6 15 7 
4 14 15 10 13 
2 12 13 
3 10 10 7 
5 16 5 8 18 7 
5 12 8 11 3 12 
2 10 5 
3 4 2 14 
2 2 13 
3 16 14 8 
2 16 1 
5 14 14 18 6 1 
5 18 17 3 5 5 
5 17 3 3 5 7 
5 9 12 10 5 17 
5 4 12 17 2 8 
2 3 11 
3 1 1 1 
1 16 
5 6 12 3 4 14 
3 14 3 11 
3 14 12 10 
5 6 18 10 16 5 
4 3 10 16 18 
1 9 
3 8 2 5 
4 15 11 5 11 
1 18 
3 16 2 2 
2 3 8 
3 6 16 5 
1 18 
5 18 9 14 5 18 
2 2 5 
5 15 16 1 4 8 
4 3 3 3 6 
1 18 
3 14 18 6 
3 13 18 10 
1 17 
4 7 1 8 6 
5 16 10 15 10 13 
4 14 18 14 7 
4 18 14 1 3 
1 3 
2 17 9 
1 9 
3 2 8 6 
3 17 7 2 
2 4 5 
2 16 16 
5 1 4 11 2 16 
1 3 
1 10 
5 17 15 9 14 14 
5 7 6 16 5 11 
5 11 15 5 11 18 
5 5 17 14 5 13 
4 7 8 13 17 
1 13 
3 18 17 7 
1 10 
5 4 4 11 1 13 
4 14 8 3 10 
4 1 11 15 1 
2 5 5 
1 9 
1 10 
5 14 7 3 2 9 
1 4 
5 11 11 6 4 5 
2 16 17 
2 18 12 
4 1 3 15 8 
1 6 
4 8 1 8 13 
2 6 1 
3 10 13 6 
4 2 2 3 8 
3 12 7 8 
4 10 7 15 8 
4 15 12 8 12 
2 11 15 
5 16 16 13 13 2 
4 14 3 15 7 
4 8 1 8 13 
1 9 
1 18 
1 13 
1 8 
3 6 10 5 
2 2 10 
2 18 1 
1 11 
3 4 7 17 
5 18 13 5 15 17 
2 11 4 
3 4 12 5 
5 4 4 9 14 10 
2 17 5 
1 2 
5 15 9 11 9 13 
3 6 4 15 
3 3 16 2 
4 8 3 9 11 
5 1 13 14 5 2 
5 10 1 7 3 1 
4 10 2 2 5 
4 2 10 4 10 
5 8 16 8 3 7 
5 5 12 6 8 3 
4 11 7 13 2 
3 1 13 14 
4 14 4 2 18 
5 5 13 11 6 7 
1 8 
5 18 17 12 12 18 
1 14 
1 16 
1 10 
5 11 2 5 16 12 
5 14 2 13 5 9 
2 18 4 
3 11 5 2 
4 9 7 10 12 
3 7 9 16 
2 16 5 
2 10 11 
4 16 14 10 4 
4 16 9 13 12 
5 13 8 2 3 7 
4 1 9 12 9 
5 12 4 12 11 18 
3 6 14 12 
3 1 10 9 
3 7 8 5 
1 2 
1 18 
2 15 10 
4 17 16 18 16 
4 15 13 15 16 
2 6 13 
1 18 
4 13 5 4 9 
2 16 17 
1 13 
4 18 16 7 4 
3 7 7 4 
1 6 
3 18 5 13 
4 2 9 17 1 
4 5 5 18 14 
2 5 1 
4 4 18 4 14 
2 9 17 
5 8 16 6 5 10 
4 5 10 1 6 
5 17 10 1 15 14 
4 6 8 7 13 
4 18 7 16 2 
2 15 10 
3 18 15 11 
1 8 
3 9 12 15 
2 7 16 
4 12 16 7 12 
1 10 
1 6 
1 15 
2 9 16 
4 14 4 12 8 
1 16 
4 14 17 9 3 
2 9 12 
4 3 6 15 15 
4 13 8 3 8 
1 15 
5 10 12 17 10 16 
4 2 6 15 17 
1 18 
3 18 15 11 
1 4 
1 4 
4 15 10 12 13 
3 17 17 7 
5 5 10 17 15 2 
4 8 1 16 7 
4 15 6 17 11 
2 15 18 
2 6 14 
1 12 
5 3 1 16 10 13 
3 3 6 18 
3 3 18 18 
5 16 6 13 12 13 
3 7 4 16 
5 16 9 1 15 16 
5 1 15 7 18 15 
3 6 5 17 
3 10 6 17 
5 7 6 7 1 11 
4 15 12 4 4 
1 14 
4 9 7 2 12 
4 17 16 4 2 
5 18 13 11 8 2 
2 3 17 
1 1 
4 13 1 11 9 
1 18 
5 17 16 15 15 13 
1 11 
1 5 
5 1 2 13 5 5 
3 6 4 8 
3 2 12 7 
4 6 10 12 3 
5 17 1 15 17 11 
2 9 16 
3 15 3 16 
5 11 5 8 5 11 
2 10 4 
2 13 16 
2 6 16 
4 15 7 7 13 
1 7 
5 5 3 10 17 14 
4 16 12 10 13 
5 7 16 4 7 1 
5 5 12 5 4 10 
4 16 15 15 4 
2 17 18 
1 4 
1 17 
3 5 1 1 
3 4 3 13 
5 17 1 14 1 6 
5 14 13 1 4 16 
5 10 8 17 7 13 
4 14 17 7 4 
4 14 2 16 9 
1 13 
5 17 12 1 10 9 
4 2 10 13 16 
2 4 16 
5 6 12 16 10 3 
3 16 4 10 
3 7 12 18 
1 5 
5 10 8 9 8 4 
4 17 18 11 2 
1 12 
3 10 9 11 
3 1 9 3 
3 9 8 2 
3 4 18 3 
3 5 6 9 
5 18 14 15 14 6 
1 3 
1 8 
1 7 
3 3 3 12 
2 16 5 
4 17 1 15 12 
4 5 7 4 7 
1 2 
2 5 7 
5 9 7 6 15 5 
4 13 16 16 10 
4 6 9 17 5 
4 7 1 11 8 
4 15 6 13 1 
2 1 15 
4 13 18 17 5 
1 1 
3 18 16 1 
1 5 
2 8 16 
2 2 6 
5 3 18 1 14 13 
3 18 3 18 
5 13 9 18 15 18 
5 4 2 17 13 11 
2 2 12 
3 12 16 7 
1 10 
5 11 17 3 17 16 
4 6 18 12 13 
2 9 15 
5 17 6 14 14 5 
2 17 11 
3 14 4 12 
1 11 
1 14 
4 11 4 5 2 
3 15 4 2 
5 3 14 17 2 1 
5 10 16 17 17 6 
4 6 5 13 15 
5 15 6 16 17 1 
1 5 
5 5 15 8 12 4 
2 5 16 
4 2 3 5 1 
