11 197
0 5 7 13 1 4 6 6 7 14 12 
5 1 5 1 7 6 
4 11 5 7 8 
2 11 4 
1 11 
4 11 4 2 5 
4 10 3 9 1 
1 9 
3 8 9 8 
4 8 6 1 1 
2 5 4 
4 9 10 3 7 
3 9 1 2 
3 9 11 5 
2 11 11 
5 2 9 11 5 7 
3 8 9 4 
2 2 11 
4 3 3 6 5 
3 2 2 5 
1 7 
4 10 3 1 10 
3 5 9 4 
4 6 9 6 2 
3 7 11 7 
5 11 6 5 8 9 
3 5 3 3 
3 4 8 6 
1 4 
2 7 8 
2 7 10 
5 6 2 3 4 7 
2 7 4 
2 8 9 
1 1 
4 3 11 10 7 
3 5 5 9 
3 6 4 6 
1 5 
5 10 8 3 3 3 
1 9 
1 8 
4 9 4 1 1 
2 1 7 
4 2 10 8 3 
2 11 6 
1 3 
4 4 5 8 10 
4 7 2 11 2 
4 6 6 10 6 
5 3 8 9 6 4 
4 1 9 6 10 
5 10 7 2 5 4 
4 4 9 10 4 
5 10 7 7 2 3 
5 7 1 3 8 10 
4 5 6 9 6 
4 6 10 7 8 
2 7 6 
2 8 4 
2 3 5 
5 2 6 3 11 10 
2 7 1 
3 9 8 5 
5 1 7 10 8 10 
3 6 6 1 
5 2 1 2 8 7 
2 8 1 
2 6 8 
4 8 6 3 8 
5 6 1 3 10 9 
4 3 1 9 2 
1 11 
2 9 2 
3 6 4 3 
5 2 5 2 1 9 
2 6 10 
2 5 3 
4 9 2 5 2 
5 5 5 6 4 5 
4 5 3 1 11 
3 1 6 7 
4 7 7 7 3 
4 5 3 7 7 
5 9 3 5 3 5 
1 6 
3 1 9 1 
4 3 9 4 3 
2 6 5 
2 10 2 
1 5 
2 5 1 
4 5 10 3 10 
5 1 1 1 1 9 
1 9 
1 9 
3 3 11 2 
2 1 7 
2 10 10 
3 3 8 4 
1 3 
1 11 
2 4 8 
1 1 
3 10 1 1 
3 9 6 1 
2 2 9 
3 6 7 11 
3 7 2 8 
3 3 8 6 
3 5 1 7 
5 7 1 11 7 2 
3 7 2 1 
4 3 1 1 8 
4 3 11 8 2 
3 9 9 7 
3 1 3 3 
2 8 2 
2 9 7 
1 5 
5 7 9 8 9 11 
2 1 9 
3 5 5 4 
5 9 9 7 7 2 
1 4 
4 3 4 4 8 
3 11 8 10 
3 11 3 2 
4 9 3 3 11 
2 7 7 
3 6 4 10 
1 6 
5 5 9 10 5 8 
3 9 7 9 
4 1 6 7 2 
4 6 8 5 11 
2 4 9 
1 9 
3 3 6 11 
1 8 
1 3 
2 4 5 
5 7 2 2 11 11 
3 6 3 5 
1 11 
3 3 11 4 
1 3 
3 10 8 9 
1 10 
5 6 5 7 11 2 
1 9 
2 10 6 
1 4 
2 7 3 
2 9 10 
2 7 1 
5 6 6 3 2 2 
5 2 1 4 9 9 
4 10 1 4 7 
5 5 8 1 4 4 
2 3 2 
2 3 3 
1 1 
4 6 8 6 2 
5 1 6 8 5 5 
4 3 8 3 1 
1 9 
5 1 8 3 8 11 
2 11 4 
2 6 1 
4 9 6 9 5 
1 6 
3 9 10 6 
3 2 1 10 
5 2 10 8 11 6 
4 10 8 4 1 
2 3 9 
3 11 3 3 
5 2 9 6 4 9 
3 10 3 10 
3 8 1 11 
3 11 5 7 
1 1 
4 1 5 7 7 
5 4 9 4 1 7 
5 2 11 3 9 1 
5 7 6 1 4 6 
2 2 7 
1 10 
5 3 7 9 10 11 
1 10 
3 2 2 1 
5 10 10 10 4 11 
3 11 3 6 
3 3 7 11 
3 1 5 8 
2 8 4 
5 5 5 7 1 10 
