18 806
7 5 11 1 14 13 3 3 2 0 13 9 8 11 3 1 1 6 
1 14 
5 11 11 8 6 7 
5 3 8 5 8 10 
4 8 3 3 13 
2 14 3 
1 14 
3 1 3 11 
5 8 6 3 16 2 
5 7 1 2 14 15 
4 5 2 13 17 
5 14 6 3 8 16 
3 12 11 14 
1 14 
3 2 13 3 
2 9 16 
5 9 7 12 15 9 
3 6 11 3 
1 2 
5 16 4 6 4 8 
3 9 14 9 
1 5 
2 8 3 
2 14 15 
2 9 7 
4 1 9 11 15 
1 5 
1 9 
3 6 6 13 
5 12 3 16 10 8 
3 11 7 5 
3 9 6 5 
4 18 9 2 5 
5 13 11 6 18 12 
5 12 12 17 6 7 
3 7 18 3 
1 16 
3 1 17 5 
2 2 4 
1 4 
4 18 10 11 14 
2 5 17 
1 12 
4 2 15 9 10 
5 3 3 14 10 9 
2 15 5 
5 5 5 8 15 12 
2 16 12 
1 14 
5 13 5 14 9 2 
4 16 14 5 9 
2 7 14 
5 12 11 14 3 14 
4 12 13 8 7 
4 16 3 10 18 
4 6 1 9 12 
2 7 16 
4 3 8 17 9 
1 6 
3 14 4 10 
1 9 
2 1 11 
5 11 12 14 11 1 
4 8 6 1 13 
4 5 9 9 8 
2 11 7 
2 1 13 
3 17 18 1 
2 17 3 
5 4 3 1 16 8 
5 18 15 1 5 4 
2 14 8 
2 17 8 
3 9 1 10 
4 5 18 1 15 
1 17 
5 3 18 10 12 10 
4 7 14 13 3 
1 18 
5 12 1 15 9 15 
4 6 7 9 1 
2 1 4 
5 18 8 9 3 9 
5 11 2 9 16 10 
2 16 9 
2 17 10 
2 8 4 
1 13 
4 12 9 6 16 
2 14 2 
2 10 15 
2 5 1 
3 18 15 8 
4 3 17 9 7 
5 7 14 11 6 17 
2 15 16 
2 9 13 
4 13 15 5 3 
2 14 2 
1 8 
3 9 18 5 
3 7 3 7 
2 2 16 
4 15 10 16 12 
5 9 7 12 17 2 
2 11 5 
2 8 4 
2 10 2 
4 8 3 7 3 
4 10 5 14 7 
2 10 8 
5 9 5 11 4 13 
2 6 9 
1 16 
1 9 
4 1 11 12 5 
4 13 14 3 1 
1 5 
4 10 10 17 5 
4 16 5 7 15 
3 16 14 14 
5 18 18 17 1 1 
3 11 3 14 
2 18 8 
5 17 15 4 5 9 
2 16 2 
2 18 4 
5 10 13 18 4 7 
1 15 
4 18 18 4 8 
3 16 1 16 
2 10 2 
1 14 
5 18 10 7 16 9 
1 1 
4 1 16 4 9 
5 6 11 14 1 9 
1 6 
5 7 5 9 8 18 
4 15 13 3 11 
4 13 10 16 8 
5 16 2 8 9 5 
2 6 11 
1 3 
1 13 
3 16 15 8 
2 2 9 
3 2 3 6 
5 10 6 18 12 5 
2 2 9 
1 18 
3 15 12 8 
2 10 16 
5 12 16 3 14 9 
2 8 16 
1 11 
3 9 7 11 
1 11 
4 15 1 7 15 
1 4 
3 5 7 12 
4 17 13 11 17 
2 6 5 
2 14 14 
5 4 14 6 1 15 
2 1 3 
4 7 12 18 17 
3 14 11 7 
5 5 17 12 11 5 
1 2 
4 14 1 9 7 
2 1 3 
5 8 17 14 17 15 
3 7 12 7 
5 6 4 9 9 13 
4 9 8 15 13 
2 8 15 
4 4 10 10 15 
3 10 11 17 
5 9 3 7 15 10 
2 18 17 
5 17 18 11 1 8 
3 6 18 5 
4 18 5 14 14 
4 17 7 7 9 
5 12 15 2 14 6 
3 15 14 1 
4 6 17 13 2 
1 3 
1 17 
1 7 
4 11 18 6 1 
2 11 5 
1 4 
1 17 
1 4 
4 15 5 1 11 
1 3 
1 9 
2 16 8 
5 18 12 14 7 14 
3 8 14 4 
2 12 11 
2 7 6 
5 7 6 18 9 16 
1 2 
1 9 
2 10 16 
3 7 15 12 
3 1 2 1 
1 16 
2 15 13 
3 1 18 18 
5 4 11 15 12 12 
1 16 
3 3 3 2 
5 15 12 8 15 3 
5 14 12 16 3 9 
4 10 18 15 2 
3 9 6 3 
1 9 
1 2 
1 17 
3 11 10 7 
4 16 13 8 16 
2 7 17 
2 7 18 
3 10 12 10 
5 2 9 1 15 3 
4 3 11 8 16 
3 8 12 15 
1 2 
1 3 
5 1 12 8 3 4 
3 6 17 8 
4 5 1 13 16 
2 16 9 
4 17 17 1 5 
1 13 
3 1 17 8 
2 7 17 
3 10 14 13 
2 6 12 
5 14 3 5 16 11 
1 7 
1 8 
2 15 10 
2 12 15 
4 2 13 5 15 
3 6 18 13 
5 16 9 2 4 7 
3 7 2 6 
3 14 2 15 
4 9 18 9 6 
3 11 12 5 
5 8 8 18 12 2 
1 8 
1 10 
3 4 15 9 
4 3 4 16 18 
5 3 18 2 14 18 
4 4 17 16 5 
4 13 2 14 7 
4 2 16 18 15 
5 1 5 14 15 6 
3 7 9 7 
5 1 4 12 1 5 
5 15 7 15 13 5 
3 9 14 6 
2 1 16 
4 13 6 16 11 
2 13 14 
1 1 
2 16 2 
1 17 
2 1 14 
1 7 
2 9 3 
4 6 1 6 16 
4 18 9 10 9 
3 5 5 17 
2 8 12 
4 2 5 11 18 
3 12 18 1 
2 13 3 
1 18 
3 8 16 12 
2 11 9 
1 18 
4 16 3 7 9 
1 3 
3 12 3 14 
3 17 9 1 
1 12 
5 17 1 16 13 15 
2 6 11 
4 11 10 14 10 
2 1 14 
5 7 16 11 4 3 
1 4 
5 13 7 10 2 11 
1 8 
3 8 18 7 
5 16 8 15 14 10 
4 3 1 16 15 
5 5 3 16 3 11 
3 18 15 16 
4 18 6 8 16 
3 15 10 4 
5 14 7 9 1 1 
1 3 
1 16 
4 15 11 4 5 
4 9 15 17 14 
5 2 14 10 12 2 
2 14 13 
5 12 8 1 4 14 
2 10 3 
4 2 12 12 18 
2 12 6 
1 11 
2 9 6 
4 11 11 1 14 
5 11 18 6 4 4 
5 7 5 13 18 13 
4 3 11 14 1 
2 13 10 
3 11 1 17 
3 12 14 15 
5 7 16 3 8 12 
3 9 3 14 
5 7 1 16 6 9 
1 1 
5 12 6 15 17 3 
1 8 
3 6 1 8 
5 15 14 6 16 4 
5 5 10 18 5 5 
5 13 8 10 1 6 
2 8 6 
4 6 11 8 15 
1 15 
5 1 13 13 2 14 
2 9 16 
5 11 10 1 7 2 
5 10 17 8 6 7 
3 10 17 6 
5 8 6 5 8 10 
4 6 1 1 3 
3 8 11 17 
2 5 11 
1 16 
3 10 12 4 
2 13 13 
4 2 10 8 7 
5 17 18 14 18 14 
4 9 12 14 15 
4 13 6 16 16 
1 7 
1 15 
1 3 
3 10 18 15 
5 6 1 10 1 10 
1 9 
5 1 6 2 14 18 
3 11 1 11 
5 5 8 10 10 14 
5 11 1 12 8 7 
3 7 10 12 
4 13 8 12 13 
1 12 
3 9 12 3 
4 18 1 4 11 
3 17 10 14 
5 15 9 15 18 12 
1 18 
5 17 12 3 13 15 
5 13 16 8 14 18 
3 10 2 13 
5 1 15 6 17 4 
3 8 6 2 
4 18 3 15 12 
4 11 11 8 9 
4 7 16 15 3 
4 1 18 10 1 
5 8 13 17 16 10 
2 18 17 
5 17 18 15 1 14 
1 11 
1 12 
2 15 15 
5 2 2 4 4 7 
4 4 15 17 16 
3 10 11 15 
4 1 3 13 15 
4 8 14 4 2 
4 16 11 13 5 
5 6 14 11 3 2 
1 10 
1 8 
5 10 5 3 11 8 
4 10 2 4 4 
5 4 2 7 13 15 
4 14 4 10 6 
5 7 4 14 11 17 
3 6 17 14 
4 18 18 16 14 
1 13 
5 1 5 13 11 16 
5 9 15 15 16 4 
1 13 
4 16 5 8 7 
1 2 
5 15 11 1 14 11 
5 1 17 12 12 10 
4 5 17 16 8 
5 10 14 5 2 17 
3 4 15 6 
3 10 11 1 
3 1 8 5 
4 8 10 12 9 
4 13 9 18 12 
2 3 16 
1 14 
5 5 14 8 7 2 
5 5 16 2 15 7 
3 10 5 14 
3 15 10 15 
5 9 4 3 17 1 
3 14 14 11 
5 13 11 13 1 17 
3 18 16 11 
1 5 
1 14 
1 7 
5 10 4 10 9 18 
5 5 4 17 12 18 
3 15 9 3 
5 6 18 14 15 4 
4 4 13 16 14 
3 8 17 12 
5 18 14 13 9 12 
5 16 16 17 13 14 
5 11 12 4 8 16 
3 7 2 6 
3 11 1 2 
4 4 3 5 12 
2 17 15 
5 13 8 4 4 2 
2 11 13 
4 14 7 10 11 
3 2 5 11 
3 13 16 4 
3 6 12 16 
2 11 13 
5 8 13 8 1 8 
1 3 
3 5 2 17 
5 2 18 14 16 3 
4 14 1 11 11 
2 18 12 
2 1 8 
1 12 
3 7 3 9 
5 2 18 9 8 10 
5 17 15 17 3 8 
1 5 
1 9 
4 3 13 3 13 
5 9 16 6 2 11 
1 9 
3 15 9 6 
3 16 10 14 
2 3 5 
4 7 10 3 15 
2 8 3 
3 3 1 12 
1 7 
5 13 14 5 13 10 
2 16 4 
5 3 8 5 3 11 
4 1 10 8 8 
2 13 12 
5 6 9 5 2 8 
5 6 18 1 4 3 
4 2 6 5 9 
2 5 8 
3 6 1 1 
3 9 12 18 
4 11 9 1 4 
3 8 7 13 
4 16 15 12 7 
2 11 13 
3 14 8 16 
3 5 3 7 
2 1 10 
3 8 12 8 
4 14 3 17 3 
1 5 
2 18 15 
2 14 16 
2 1 7 
4 18 4 10 14 
3 15 5 11 
4 4 3 17 10 
3 17 4 13 
1 18 
3 11 4 16 
4 17 10 2 12 
1 17 
4 8 9 2 18 
3 4 6 5 
5 9 1 5 12 7 
5 12 14 11 7 4 
1 18 
4 18 6 15 7 
2 2 16 
1 3 
3 6 16 10 
3 5 9 11 
1 12 
1 14 
3 5 16 9 
5 2 3 9 2 2 
5 16 11 9 10 3 
2 2 17 
1 4 
2 10 17 
4 12 4 9 10 
5 8 8 4 4 11 
5 10 17 2 16 8 
2 18 8 
3 14 7 5 
3 16 7 16 
5 10 5 9 6 9 
2 5 1 
1 10 
3 3 13 7 
4 7 7 4 6 
4 4 2 15 4 
3 6 3 18 
1 1 
1 6 
3 2 7 14 
1 1 
4 4 18 9 1 
3 7 3 18 
5 3 16 7 4 2 
4 1 6 3 15 
2 2 17 
3 13 11 17 
2 1 16 
1 11 
1 2 
1 14 
3 12 7 14 
4 8 9 12 13 
4 1 1 3 18 
4 6 10 11 12 
4 4 12 4 12 
4 11 8 14 14 
2 18 1 
2 1 14 
5 8 7 18 9 6 
2 10 10 
4 16 2 17 9 
4 3 10 13 10 
2 4 10 
2 8 13 
3 4 10 12 
1 11 
5 18 11 12 6 14 
3 5 16 11 
4 5 1 4 3 
4 2 6 10 3 
5 18 4 10 15 18 
4 11 14 16 2 
4 6 1 12 15 
4 15 10 8 7 
2 9 6 
3 2 5 13 
5 1 1 11 5 14 
1 14 
3 9 15 18 
3 2 5 8 
4 3 12 2 6 
2 2 9 
5 10 6 11 3 12 
4 7 4 9 4 
3 14 2 11 
3 17 5 10 
5 1 14 14 13 12 
5 5 2 7 2 6 
1 3 
5 14 5 11 10 12 
5 11 4 16 13 6 
4 14 12 18 6 
4 2 11 17 15 
2 10 4 
3 5 1 9 
5 9 2 11 9 6 
2 8 3 
4 8 11 7 4 
2 10 5 
2 3 15 
4 4 6 1 1 
3 3 12 12 
3 13 14 14 
4 5 9 10 16 
2 3 15 
4 11 13 13 5 
4 11 14 9 3 
3 3 11 3 
5 10 17 8 3 5 
5 14 4 17 12 16 
3 15 12 12 
3 17 6 13 
5 15 11 18 14 11 
4 10 1 10 10 
1 17 
2 11 7 
4 14 4 4 3 
3 15 14 7 
2 6 4 
2 13 15 
2 9 6 
5 13 1 12 9 7 
2 12 17 
3 6 11 7 
5 11 10 1 15 17 
5 5 16 2 16 7 
2 4 10 
1 16 
2 6 2 
4 14 11 11 12 
5 14 10 1 16 11 
1 9 
5 15 14 16 17 17 
5 2 8 5 15 10 
1 16 
3 18 4 6 
5 1 11 1 15 10 
4 5 11 12 4 
1 4 
1 18 
3 10 7 17 
1 2 
3 2 5 4 
1 12 
4 4 4 4 18 
5 8 3 12 11 14 
1 18 
2 9 6 
1 11 
5 16 14 6 1 16 
1 6 
1 6 
5 2 13 9 17 6 
4 10 5 6 14 
4 15 1 12 12 
3 17 18 2 
1 9 
4 12 3 5 11 
3 11 2 18 
5 11 16 13 17 5 
2 2 18 
1 12 
3 12 3 15 
5 17 6 1 12 13 
2 13 2 
4 18 7 9 15 
3 5 9 8 
3 11 18 13 
4 7 4 13 17 
2 4 12 
5 1 2 4 2 14 
5 18 12 1 9 1 
2 14 7 
3 7 8 1 
2 8 5 
5 15 14 16 4 12 
5 16 11 3 7 1 
2 3 17 
5 7 5 4 10 12 
4 17 12 4 4 
4 6 1 15 15 
1 9 
4 18 12 14 9 
4 7 12 7 3 
5 14 17 12 13 11 
1 5 
4 6 15 14 6 
3 4 13 18 
4 15 18 6 12 
1 2 
2 15 18 
2 3 14 
3 16 14 10 
1 18 
5 12 5 5 15 11 
5 4 10 6 15 11 
1 14 
5 1 2 9 14 14 
1 2 
5 18 6 13 4 10 
2 6 1 
1 15 
4 16 9 13 11 
4 5 7 7 1 
4 18 8 13 16 
4 16 6 12 18 
2 1 14 
1 18 
5 7 10 2 13 15 
1 17 
2 13 6 
5 7 8 6 13 1 
1 2 
4 17 18 11 12 
3 5 12 1 
4 5 14 14 13 
1 13 
1 8 
4 16 10 4 13 
1 13 
2 6 11 
2 18 7 
2 15 8 
2 18 3 
1 7 
3 6 7 16 
4 11 12 3 14 
2 8 4 
3 4 2 13 
5 9 8 2 13 13 
3 7 4 15 
2 9 9 
5 1 11 15 2 16 
1 12 
3 2 14 2 
2 16 18 
3 18 7 12 
1 4 
5 6 15 9 17 3 
1 13 
3 18 12 12 
5 2 14 14 8 7 
3 6 14 11 
4 3 9 5 8 
3 1 10 8 
3 4 5 16 
4 11 5 9 3 
5 1 6 7 12 10 
4 9 18 11 12 
4 12 18 18 12 
1 14 
4 13 9 12 15 
2 5 6 
1 7 
5 14 3 3 6 4 
1 11 
4 18 9 1 1 
2 14 14 
5 10 8 13 9 5 
4 5 1 8 6 
3 15 8 12 
1 8 
3 15 6 14 
2 2 16 
5 17 18 11 2 11 
3 15 16 17 
4 13 5 7 18 
3 15 2 6 
2 1 14 
2 4 9 
5 6 6 18 5 18 
4 5 4 10 7 
1 7 
1 15 
5 14 15 9 18 4 
1 2 
1 8 
5 16 9 5 3 6 
5 6 12 9 18 11 
2 13 17 
3 16 12 1 
2 14 11 
2 3 1 
2 6 10 
5 12 9 4 11 15 
2 16 12 
5 3 16 14 16 17 
4 6 4 17 18 
5 13 11 5 4 15 
5 10 5 16 12 17 
4 1 15 12 10 
3 13 8 16 
3 16 2 8 
5 15 2 16 16 4 
2 3 3 
5 4 3 2 17 2 
5 15 1 13 6 17 
3 8 8 1 
2 7 12 
3 1 9 4 
2 18 1 
3 3 8 18 
