100 0 90
1 7 87 78 74 59 56 51 10 
1 4 75 53 45 32 
1 12 98 92 90 77 73 67 54 51 50 43 41 31 
0 13 88 77 67 55 50 40 29 24 21 19 14 7 6 
1 8 93 91 69 54 49 42 39 19 
0 6 82 63 40 32 31 30 
1 11 92 85 80 66 56 54 46 24 21 16 3 
1 11 98 59 57 43 41 37 21 20 15 11 3 
1 7 95 92 88 83 66 42 36 
1 11 97 89 88 84 83 70 62 59 52 27 26 
1 8 90 88 72 63 45 26 20 0 
1 12 82 79 77 43 32 30 23 20 17 16 13 7 
1 4 87 81 70 38 
0 12 96 85 76 52 49 35 31 22 20 18 16 11 
1 9 96 95 84 52 35 32 24 19 3 
1 11 92 81 69 55 54 51 30 28 21 16 7 
1 11 92 62 49 40 36 31 25 15 13 11 6 
1 8 98 87 74 61 58 38 36 11 
1 11 89 84 79 78 77 73 70 66 64 53 13 
0 9 96 82 74 27 24 22 14 4 3 
1 13 98 97 74 59 58 56 33 30 28 13 11 10 7 
0 11 98 93 72 70 62 54 41 15 7 6 3 
0 9 98 89 87 68 37 27 25 19 13 
1 10 95 87 81 76 73 67 55 48 29 11 
1 11 97 77 60 55 53 33 28 19 14 6 3 
0 13 98 95 94 88 75 70 61 55 51 30 26 22 16 
1 6 78 74 55 25 10 9 
1 7 92 86 58 45 22 19 9 
1 9 81 74 71 66 57 42 24 20 15 
1 10 98 81 77 76 63 56 44 43 23 3 
0 12 94 82 70 59 56 53 33 25 20 15 11 5 
0 10 88 80 55 43 40 39 16 13 5 2 
0 12 98 95 90 76 75 53 41 35 14 11 5 1 
0 12 98 93 90 88 76 69 48 46 40 30 24 20 
1 8 94 88 77 76 74 63 46 43 
0 7 94 87 58 37 32 14 13 
1 9 85 77 76 75 74 46 17 16 8 
1 7 88 81 59 38 35 22 7 
1 7 86 83 81 77 37 17 12 
1 10 98 95 92 90 78 62 51 45 31 4 
1 9 98 85 84 62 33 31 16 5 3 
0 6 92 56 32 21 7 2 
1 6 90 51 47 28 8 4 
1 16 97 93 91 87 77 73 72 59 51 48 34 31 29 11 7 2 
1 6 83 70 58 57 45 29 
0 12 98 86 80 70 66 65 61 44 39 27 10 1 
1 8 82 78 70 68 36 34 33 6 
0 9 98 96 95 77 74 69 57 52 42 
1 8 95 88 80 72 71 43 33 23 
0 9 99 95 83 76 69 54 16 13 4 
1 6 96 92 87 60 3 2 
1 10 81 77 62 43 42 39 25 15 2 0 
1 8 91 87 71 64 47 14 13 9 
1 9 94 77 67 58 32 30 24 18 1 
1 10 93 72 66 57 49 21 15 6 4 2 
1 11 91 84 79 58 31 26 25 24 23 15 3 
0 8 90 69 41 30 29 20 6 0 
1 10 91 89 84 75 73 54 47 44 28 7 
1 11 97 86 85 64 55 53 44 35 27 20 17 
1 11 96 69 66 61 43 37 30 20 9 7 0 
1 5 80 65 64 50 24 
1 6 77 67 59 45 25 17 
1 9 94 85 80 51 40 39 21 16 9 
1 9 89 87 77 75 70 34 29 10 5 
1 6 69 68 60 58 52 18 
1 3 69 60 45 
0 8 91 59 54 45 28 18 8 6 
1 6 87 61 53 23 3 2 
1 5 79 78 64 46 22 
0 10 86 65 64 59 56 49 47 33 15 4 
1 12 94 91 63 46 45 44 30 25 21 18 12 9 
1 7 86 84 75 73 52 48 28 
1 6 91 54 48 43 21 10 
1 9 94 77 74 71 57 43 23 18 2 
0 11 91 73 47 36 34 28 26 20 19 17 0 
1 11 95 86 84 78 71 63 57 36 32 25 1 
0 10 96 84 49 36 34 33 32 29 23 13 
1 16 73 63 61 53 51 47 43 38 36 34 29 24 18 11 3 2 
0 11 96 90 88 84 75 68 46 39 26 18 0 
1 5 93 68 55 18 11 
0 9 98 95 90 62 60 48 45 31 6 
0 11 93 91 82 51 38 37 29 28 23 15 12 
1 9 99 86 84 81 46 30 19 11 5 
1 8 90 88 85 49 44 38 9 8 
1 12 92 82 78 76 75 71 57 55 40 18 14 9 
1 10 97 92 91 83 62 58 40 36 13 6 
1 11 98 89 87 82 75 71 69 58 45 38 27 
1 14 93 92 86 67 63 52 50 43 35 23 22 17 12 0 
1 12 83 78 48 37 34 33 31 25 10 9 8 3 
1 7 93 86 63 57 22 18 9 
0 10 83 80 78 56 42 39 33 32 10 2 
1 11 85 81 74 72 70 66 57 55 52 43 4 
0 14 94 93 87 85 84 50 41 39 27 16 15 8 6 2 
1 10 92 89 87 81 79 54 43 33 21 4 
1 9 92 73 70 62 53 35 34 30 25 
1 12 98 80 75 49 48 47 39 32 25 23 14 8 
1 8 78 76 59 50 47 19 14 13 
1 6 85 58 43 24 20 9 
1 17 95 86 80 47 45 40 39 33 32 29 25 22 21 20 17 7 2 
1 2 82 49 

