30

32
1 1 3 3 3 6 6 8 9 9 9 12 13 13 15 16 17 17 17 20 21 21 21 24 25 26 27 28 28 30 31

101
1 1 1 1 1 1 1 1 9 9 9 9 13 13 13 13 13 18 18 18 18 22 23 23 23 23 23 28 28 28 28 28 33 33 33 33 33 38 38 38 41 42 43 43 45 46 46 48 48 50 51 52 52 54 54 56 57 58 58 60 60 62 62 64 64 66 67 68 69 69 69 72 73 74 74 74 74 78 79 79 81 82 83 84 85 86 87 87 89 90 91 92 93 94 95 96 97 98 99 100

47
1 1 1 1 1 1 1 1 1 1 11 11 11 14 14 16 16 18 18 18 18 22 22 24 25 25 25 28 28 28 28 32 33 33 35 36 37 38 39 40 40 40 43 44 45 46

42
1 1 1 1 1 1 1 1 1 1 1 1 1 1 1 1 1 1 19 20 20 20 23 24 25 25 27 28 28 28 31 32 33 33 33 36 37 37 39 40 41

69
1 1 3 4 5 5 5 8 9 10 11 12 13 13 15 16 17 18 18 20 21 21 23 24 25 25 27 27 29 30 31 32 33 34 34 36 37 37 39 40 41 42 43 44 45 46 47 48 49 50 51 52 53 54 55 56 56 58 59 60 61 62 63 63 65 66 67 68

61
1 1 3 4 5 6 7 8 9 10 11 12 13 14 15 16 17 18 19 20 21 22 23 24 25 26 27 28 29 30 31 32 33 34 35 36 37 38 39 40 41 42 43 44 45 46 47 48 49 50 51 52 53 54 55 56 57 58 59 60

23
1 1 3 3 3 6 7 7 9 9 11 12 12 14 14 16 16 18 19 20 21 22

91
1 1 1 1 1 1 1 1 9 9 11 11 11 14 14 14 17 17 19 19 19 19 19 24 24 24 24 24 24 30 31 31 31 31 31 31 37 37 37 40 40 40 43 43 43 46 47 48 49 49 49 52 52 54 55 56 57 58 58 60 60 62 63 63 65 65 65 65 65 70 71 72 73 73 75 75 77 78 79 80 81 81 83 83 85 85 85 88 89 90

45
1 1 1 1 1 1 1 1 1 10 10 10 10 14 14 16 17 18 18 18 21 21 21 24 24 24 24 24 29 29 29 32 32 34 34 34 37 38 39 40 41 42 43 44

55
1 1 1 1 1 1 1 1 1 1 1 1 1 1 1 1 1 18 18 20 20 22 22 24 25 26 26 26 26 30 30 32 32 34 34 36 36 36 39 39 39 39 43 43 45 46 46 48 49 50 50 52 53 54

147
1 1 3 3 3 6 6 8 8 8 11 12 13 14 15 15 15 18 19 20 20 22 23 24 25 25 25 28 29 30 31 32 33 34 35 36 37 37 37 40 41 42 43 44 45 45 47 48 49 50 51 52 52 54 54 54 57 58 59 60 61 62 63 64 65 66 67 68 69 70 70 72 72 74 75 76 77 78 79 80 80 82 83 84 85 86 87 88 89 90 91 91 93 94 95 96 96 98 99 100 101 102 103 104 105 105 107 108 109 110 111 112 113 113 113 116 117 117 117 120 121 122 123 124 125 126 127 128 129 130 131 132 133 134 135 136 136 138 139 140 141 142 142 144 145 146

91
1 2 3 4 5 6 7 8 9 10 10 12 12 14 15 15 17 18 19 20 21 22 23 24 25 26 27 28 29 30 31 32 33 34 35 36 37 38 39 40 41 42 43 44 45 46 47 48 49 50 51 52 53 54 55 56 57 58 59 60 61 62 63 64 65 66 67 68 69 70 71 72 73 74 75 76 77 78 79 80 81 82 83 84 85 86 87 88 89 90

27
1 1 1 4 4 4 7 7 9 10 10 12 12 14 15 16 17 17 17 20 21 22 23 24 24 26

106
1 1 1 1 1 1 1 1 9 9 9 9 9 14 14 16 16 16 16 16 16 22 22 22 25 25 25 25 29 29 29 32 32 34 35 36 36 36 36 40 41 42 43 43 45 46 46 46 49 49 49 52 53 53 53 56 56 58 58 60 60 60 63 64 65 65 67 68 68 70 70 70 73 74 75 75 77 78 79 80 80 82 83 84 84 86 87 87 89 90 90 90 93 93 95 96 97 98 99 99 101 102 103 104 105

61
1 1 1 1 1 1 1 1 1 1 1 1 1 1 15 15 15 18 18 20 20 20 23 23 25 25 25 28 28 28 28 32 32 32 32 32 37 38 39 39 41 41 43 43 43 46 47 47 47 50 51 52 52 54 55 56 57 58 59 60

39
1 1 1 1 1 1 1 1 1 1 1 1 1 1 1 16 16 16 19 20 21 22 22 24 24 24 27 27 27 30 30 30 33 34 35 36 37 38

86
1 1 3 3 5 6 6 8 9 9 11 11 13 14 15 16 17 17 19 20 21 22 23 24 24 26 27 28 29 29 31 32 33 33 35 36 37 38 39 40 41 42 43 43 43 46 47 48 49 50 51 52 53 54 55 55 55 55 59 60 61 62 63 64 65 66 67 68 69 70 71 72 73 74 75 76 77 78 78 80 81 82 83 84 85

102
1 2 3 3 5 6 7 8 9 10 11 11 13 14 15 16 17 18 19 20 21 22 23 24 25 26 26 28 29 30 31 32 33 34 35 36 37 38 39 40 41 42 43 44 45 46 47 48 49 50 51 52 53 54 55 56 57 58 59 60 61 62 63 64 65 66 67 68 69 70 71 72 73 74 75 76 77 78 79 80 81 82 83 84 85 86 87 88 89 90 91 92 93 94 95 96 97 98 99 100 101

17
1 1 1 4 5 6 6 8 9 10 10 12 13 13 15 16

62
1 1 1 1 1 1 1 1 9 9 11 11 11 11 11 11 17 17 19 19 19 22 22 24 24 24 27 27 27 27 31 31 33 34 34 36 37 37 39 40 41 41 43 44 44 46 46 48 48 48 51 51 53 53 55 56 57 58 59 60 61

54
1 1 1 1 1 1 1 1 1 1 1 1 13 13 15 15 17 18 19 19 21 21 21 24 24 26 26 26 29 29 31 31 31 34 34 34 34 34 34 34 41 42 43 44 45 46 47 48 49 50 51 52 53

42
1 1 1 1 1 1 1 1 1 1 1 1 1 1 15 15 15 18 19 19 19 22 22 22 25 26 26 28 28 28 28 32 32 34 35 36 36 38 39 39 41

113
1 1 1 4 4 6 6 8 9 9 11 12 12 14 15 16 16 18 19 19 21 22 23 24 25 25 25 28 29 30 31 32 33 34 35 36 37 38 39 40 41 42 43 44 45 46 46 48 49 49 51 52 53 54 55 56 57 58 59 60 61 61 61 61 65 66 67 68 69 70 71 72 73 74 75 76 77 77 79 80 80 82 83 84 85 86 87 88 89 90 91 92 93 94 95 96 97 98 99 100 101 102 103 104 105 106 107 108 109 110 111 112

113
1 2 3 3 5 6 7 8 9 10 11 12 13 14 15 16 17 17 19 20 21 22 23 24 25 26 27 28 29 30 31 32 33 34 34 36 37 38 39 40 41 42 43 44 45 46 47 48 49 50 51 52 53 54 55 56 57 58 59 60 60 62 63 64 65 66 67 68 69 70 70 72 73 74 75 76 77 78 79 80 81 82 83 84 85 86 87 88 89 90 91 92 93 94 95 96 97 98 99 100 101 102 103 104 105 106 106 108 109 110 111 112

21
1 1 3 3 5 5 5 8 9 9 11 12 13 14 15 16 17 18 19 20

47
1 1 1 1 1 1 1 1 9 10 10 10 10 14 14 14 17 17 19 20 20 22 22 22 25 26 26 28 29 29 31 32 33 33 35 36 36 38 38 40 41 42 43 44 45 46

69
1 1 1 1 1 1 1 1 1 1 1 1 1 14 14 14 14 14 19 19 21 21 23 23 25 25 25 28 28 28 28 28 33 33 33 33 33 38 38 40 40 40 43 43 45 46 46 48 49 50 51 52 53 53 55 55 57 58 59 60 61 62 63 64 65 66 67 68

48
1 1 1 1 1 1 1 1 1 1 1 1 1 1 1 16 17 17 17 20 20 20 20 24 24 26 26 26 29 29 31 31 33 33 33 36 36 38 39 39 39 39 43 44 45 46 47

120
1 1 3 3 5 6 6 6 6 10 11 12 12 12 15 16 17 18 18 20 21 21 23 24 25 26 26 28 29 30 31 32 32 32 35 36 37 38 39 40 41 42 43 44 45 45 47 48 48 50 51 52 53 54 55 56 56 58 59 60 61 61 61 64 65 66 67 68 69 70 71 72 73 74 75 76 77 78 78 80 81 82 83 84 84 86 87 88 89 90 91 92 93 94 95 96 97 98 99 100 101 102 103 104 105 106 107 108 109 110 111 112 113 114 115 116 117 118 119

106
1 1 3 4 5 6 7 8 9 9 11 12 13 14 15 16 17 18 19 20 21 22 23 24 25 26 27 28 29 30 31 32 33 34 34 36 37 38 39 40 41 42 43 44 45 46 47 48 49 50 51 52 53 54 55 56 57 58 59 60 61 62 63 64 65 66 67 68 69 70 71 72 73 74 75 76 77 78 79 80 81 82 83 84 85 86 87 88 89 90 91 92 93 94 95 96 97 98 99 100 101 101 103 104 105
