12 11
194 109 148 145 165 25 131 149 74 90 118 45 
71 77 8 14 194 138 21 3 123 35 7 59 150 
167 74 180 37 150 15 110 39 122 33 168 179 161 161 
58 42 77 9 47 151 16 114 185 56 120 127 137 170 198 
150 141 46 110 186 104 5 86 50 49 84 63 14 11 159 61 
191 47 88 86 148 84 84 117 108 97 154 11 94 184 107 185 66 
59 175 80 110 91 45 141 87 189 33 126 142 27 147 102 14 116 91 
71 54 91 119 124 3 135 79 84 11 112 127 165 122 148 114 198 29 189 
111 10 127 195 125 174 22 104 134 10 141 40 28 151 192 125 150 181 25 147 
145 161 54 176 174 128 6 178 64 87 47 157 137 110 57 195 58 7 112 26 111 
3 133 12 28 151 17 17 178 80 22 109 199 60 173 105 200 84 55 74 119 3 13 
