320
1637 1636 1635 1633 1629 1626 1624 1622 1620 1618 
1616 1615 1613 1612 1610 1607 1606 1604 1599 1597 
1595 1594 1591 1589 1588 1584 1583 1581 1578 1575 
1573 1572 1567 1564 1562 1561 1552 1548 1547 1545 
1543 1542 1541 1539 1538 1533 1531 1529 1526 1524 
1522 1520 1517 1514 1512 1511 1504 1502 1500 1498 
1495 1494 1492 1490 1488 1487 1486 1484 1481 1477 
1475 1473 1471 1466 1463 1461 1459 1457 1451 1449 
1448 1442 1440 1439 1435 1432 1429 1428 1426 1424 
1421 1417 1415 1413 1407 1405 1402 1394 1393 1388 
1386 1384 1380 1377 1373 1370 1366 1364 1362 1356 
1355 1354 1352 1348 1347 1343 1342 1340 1338 1337 
1336 1330 1329 1328 1327 1323 1322 1320 1318 1313 
1312 1310 1308 1305 1304 1302 1299 1298 1297 1295 
1292 1290 1288 1287 1285 1282 1281 1277 1275 1273 
1271 1267 1265 1263 1260 1258 1255 1253 1251 1250 
1246 1245 1240 1238 1237 1235 1231 1230 1228 1226 
1223 1222 1219 1217 1211 1206 1204 1202 1200 1199 
1197 1188 1187 1184 1181 1175 1173 1172 1169 1167 
1165 1162 1159 1158 1156 1152 1151 1147 1146 1143 
1141 1136 1134 1132 1131 1128 1126 1124 1123 1120 
1118 1117 1115 1114 1112 1107 1104 1102 1100 1099 
1097 1087 1085 1084 1082 1078 1077 1075 1072 1069 
1066 1064 1059 1058 1056 1054 1053 1051 1049 1043 
1042 1040 1038 1035 1034 1029 1019 1018 1016 1012 
1011 1009 1007 1006 1004 1002 999 997 996 995 
993 989 987 985 982 981 978 976 975 972 
970 969 968 965 963 962 960 958 954 951 
948 944 941 940 937 936 934 929 926 920 
918 912 911 908 906 905 903 901 899 898 
891 889 888 880 877 876 873 872 870 869 
866 865 862 861 859 851 848 847 844 841 
