200 10100
145 199
43 153
148 94
8 116
126 126
132 78
122 182
158 132
178 104
59 39
98 152
185 117
42 90
173 165
11 147
48 30
62 192
111 109
138 42
192 24
134 98
5 123
1 199
65 111
3 33
83 9
187 73
183 147
144 132
153 49
18 12
91 169
98 38
145 81
80 70
193 93
164 100
106 186
59 113
97 11
55 189
121 179
165 75
145 169
104 74
59 137
110 100
85 21
114 200
108 140
24 74
32 140
172 128
113 17
160 130
1 121
184 66
161 29
94 60
50 124
172 2
145 33
139 191
2 58
192 6
43 121
14 192
104 154
3 125
138 82
163 113
87 41
47 133
35 49
74 32
71 135
181 9
171 21
93 81
96 68
13 179
8 108
178 166
23 131
172 142
74 66
6 152
64 104
97 119
159 173
131 157
18 130
133 81
142 182
179 83
141 65
50 98
16 6
18 114
51 179
65 177
123 59
190 132
78 90
173 161
80 8
110 14
168 134
185 153
48 70
121 141
66 144
153 185
169 27
85 185
143 187
111 23
141 109
80 172
148 182
89 85
193 135
150 192
114 66
43 73
191 5
39 83
190 118
143 113
6 140
85 137
183 1
178 144
172 36
174 26
11 93
13 91
104 198
187 137
186 160
134 120
140 56
135 161
70 126
188 32
23 23
151 49
18 128
164 136
185 19
8 90
141 105
61 139
144 162
32 110
108 86
17 145
53 121
193 41
121 153
3 101
24 184
140 32
94 12
174 172
16 28
26 194
15 43
88 44
123 121
53 145
17 93
144 154
20 182
55 83
74 10
22 158
57 37
115 41
103 53
118 46
92 62
85 133
117 149
67 173
59 111
78 198
108 192
75 151
3 135
105 91
192 12
5 63
144 48
36 64
14 78
88 70
189 67
131 199
11 149
83 5
115 113
73 127
83 35
41 33
166 126
171 123
132 30
8 196
32 148
42 166
104 24
199 175
158 154
94 18
142 154
114 172
145 137
29 79
164 92
141 151
32 126
8 124
157 53
180 12
110 80
146 122
14 122
151 59
61 141
161 151
110 64
31 169
27 41
49 125
157 3
142 42
184 42
164 126
192 118
154 150
168 132
123 61
161 35
64 82
106 30
199 159
76 150
163 151
184 132
43 141
69 187
46 108
49 141
110 164
59 123
25 99
126 22
184 12
9 29
11 83
195 63
63 179
20 38
117 53
161 101
8 102
151 183
83 193
187 57
86 150
97 67
130 116
198 114
84 86
63 25
36 198
63 175
8 32
161 77
130 124
121 151
112 142
148 92
111 199
77 135
13 71
28 160
68 150
66 142
184 18
147 41
100 144
199 5
56 140
27 119
85 169
7 179
4 16
118 74
189 57
12 44
162 70
166 36
50 118
161 187
169 103
28 106
65 149
174 166
57 27
44 166
80 186
63 91
60 172
80 42
174 122
57 65
76 30
86 182
107 11
66 58
112 10
34 134
74 98
50 64
44 44
19 13
28 200
189 155
116 116
48 158
103 11
189 63
199 1
29 13
78 156
190 150
162 150
119 19
147 169
15 109
129 119
143 61
34 16
81 125
128 44
71 91
172 112
41 155
54 52
150 44
184 110
127 109
57 75
200 44
174 36
185 103
7 15
66 76
184 118
132 106
66 162
71 43
152 68
4 80
9 183
178 164
42 172
137 145
167 25
49 137
90 182
145 181
2 174
88 114
156 110
21 129
1 89
76 46
144 6
2 64
69 133
30 184
11 37
123 187
39 43
9 151
64 70
50 146
1 51
39 33
165 151
4 128
182 122
62 176
182 146
16 22
121 159
36 118
15 163
149 85
23 75
153 143
91 193
173 171
107 165
83 161
183 195
197 109
165 97
183 193
33 165
21 89
30 12
13 189
118 92
185 23
7 119
87 197
183 81
81 165
156 160
182 184
120 100
130 198
48 98
37 47
140 104
120 138
100 86
74 166
196 152
50 116
79 109
33 171
157 29
110 4
179 75
129 67
1 179
41 161
169 193
43 181
77 37
99 191
14 104
84 188
126 60
119 137
35 109
94 34
12 22
150 198
103 167
158 36
150 14
35 173
44 140
198 160
71 31
135 51
62 162
83 37
147 69
112 40
38 90
99 85
104 166
170 78
30 76
25 193
24 80
33 139
168 162
15 85
32 188
158 58
80 48
125 105
91 17
182 4
126 148
26 94
183 3
146 190
122 124
1 127
119 111
168 66
2 112
85 17
117 99
179 85
103 115
130 70
130 30
93 175
108 144
32 162
138 154
12 194
120 62
138 14
45 149
154 84
150 152
17 1
140 150
37 167
73 21
104 196
118 174
116 20
26 172
111 71
185 29
164 86
184 84
119 169
41 9
180 96
161 81
92 32
139 35
101 155
105 179
180 94
152 114
9 197
49 63
127 47
84 52
72 104
29 163
59 11
7 183
88 140
131 57
101 53
166 194
69 175
9 105
78 126
175 73
109 129
173 81
43 91
84 82
122 120
145 149
149 29
71 21
74 110
28 54
139 177
95 21
50 194
122 142
94 186
158 104
125 91
120 178
144 26
149 65
37 175
173 129
133 125
186 138
58 200
152 40
75 105
166 182
124 120
73 121
186 104
199 7
198 182
176 98
125 9
137 39
144 166
126 194
98 116
131 147
8 128
84 138
149 121
41 163
94 52
185 123
10 82
142 122
10 154
136 144
74 82
165 189
180 192
94 32
128 186
58 14
64 94
93 39
69 167
198 178
182 118
50 126
88 66
113 99
6 134
147 77
129 25
36 16
179 155
132 90
155 199
101 199
106 100
81 99
175 129
131 161
31 57
117 151
146 152
149 73
53 157
32 144
134 134
198 174
34 190
162 146
181 49
185 81
72 14
49 59
156 170
39 39
145 131
82 164
94 168
178 72
25 65
128 126
56 182
42 18
4 54
52 98
123 159
5 163
83 195
173 51
29 17
51 1
146 68
98 8
57 179
85 93
137 165
52 44
16 16
154 198
87 173
71 119
42 158
147 7
17 25
140 90
166 30
128 34
24 176
103 83
37 81
74 86
143 175
95 27
133 199
42 134
158 120
38 28
171 39
9 99
1 107
165 171
27 65
144 138
82 70
96 60
133 53
94 112
22 134
182 22
10 70
184 76
196 40
148 54
18 142
41 137
175 195
139 11
60 90
62 164
124 134
26 56
19 185
17 59
105 185
141 49
63 13
115 101
75 59
125 37
84 160
47 153
72 124
79 139
56 172
106 76
151 87
62 98
98 126
182 8
88 200
157 41
71 159
93 133
184 170
46 64
30 80
200 102
47 127
32 22
118 146
5 91
111 11
116 158
43 97
83 113
89 185
108 40
144 36
154 192
134 198
50 184
15 153
12 176
105 147
146 6
135 175
99 67
28 70
111 195
137 53
32 84
33 49
19 71
8 14
104 66
152 38
50 152
176 90
171 41
30 30
17 103
7 5
26 140
130 170
62 90
8 38
28 100
147 161
142 54
156 196
59 135
173 181
181 171
104 106
124 54
64 156
65 101
43 25
10 172
52 2
154 14
199 93
120 164
169 69
112 36
35 71
69 39
161 195
146 56
177 23
11 127
116 24
132 52
77 155
106 200
67 21
87 11
82 184
27 125
23 41
137 127
105 97
100 92
44 178
31 183
113 43
3 145
66 72
120 36
57 39
8 58
111 139
79 33
101 107
46 34
132 112
157 121
36 190
29 125
27 183
22 64
114 198
106 98
83 49
194 76
73 129
138 50
93 195
24 92
150 112
119 81
73 97
107 77
30 180
180 130
195 55
109 105
165 23
151 75
10 166
194 198
32 40
167 195
20 194
125 75
70 198
10 142
172 56
181 133
117 177
29 43
129 89
175 155
62 190
151 51
46 116
109 57
52 56
108 16
199 197
56 66
178 78
24 168
162 182
181 95
10 186
25 25
54 60
74 72
8 18
104 158
195 65
46 184
135 9
111 165
197 81
142 130
200 6
79 181
47 29
144 100
54 24
113 167
125 145
74 34
84 64
167 87
88 52
176 96
16 80
98 46
173 85
159 161
34 122
63 85
35 55
58 106
159 39
93 95
152 52
25 171
112 148
92 200
89 183
57 137
112 130
106 64
90 28
144 186
164 44
3 17
124 8
123 37
25 5
149 171
58 40
171 113
51 79
133 137
76 100
49 51
96 70
101 71
197 69
110 192
34 74
54 18
197 101
101 157
80 84
116 52
7 51
132 174
28 18
118 22
52 70
112 112
24 14
145 47
41 79
126 30
97 85
124 108
99 145
128 142
63 37
8 70
162 178
81 83
10 160
167 95
31 33
75 13
5 29
22 130
26 152
30 190
192 158
47 17
45 135
62 36
144 108
11 63
89 143
90 88
23 135
139 167
160 18
71 177
54 106
193 117
154 190
60 122
193 71
109 149
95 67
193 7
56 196
106 48
145 93
34 26
180 66
162 16
121 41
80 194
127 73
41 151
28 120
19 99
129 79
139 169
151 73
169 151
32 94
60 132
157 57
28 56
176 152
76 58
159 85
3 55
153 59
76 12
46 138
83 31
61 147
36 70
109 103
119 191
112 122
138 62
89 49
147 65
47 101
149 161
122 190
191 151
70 70
69 51
84 76
155 61
173 123
117 11
161 135
48 74
4 94
6 160
198 162
144 80
16 194
163 81
128 28
177 183
37 157
61 79
158 122
127 181
33 93
28 98
20 102
164 46
12 182
164 144
90 80
69 143
173 17
120 118
143 31
16 62
109 153
109 41
13 15
138 102
78 158
171 145
119 159
157 27
174 126
135 11
80 66
167 97
200 144
55 145
112 30
173 103
91 13
96 20
136 116
110 72
34 142
77 87
123 193
172 66
115 111
69 13
192 172
59 193
191 83
22 132
78 12
89 83
107 155
79 51
95 185
10 118
23 65
6 150
126 152
171 161
157 5
16 174
66 102
77 165
74 140
83 63
126 28
132 198
103 161
98 190
90 78
105 139
59 131
43 183
58 22
13 161
97 165
95 19
178 108
86 194
160 170
118 172
150 56
72 72
53 87
167 109
2 44
148 60
85 193
86 170
162 172
64 16
139 189
120 30
118 136
102 160
30 84
175 5
154 20
44 148
171 155
81 71
189 169
199 185
200 158
14 198
56 50
28 30
32 6
131 83
169 37
12 12
23 129
95 77
17 105
99 79
194 2
119 129
39 77
18 124
70 114
32 60
89 157
96 58
168 6
24 94
69 103
5 11
46 164
42 100
149 167
98 194
160 36
145 135
160 164
157 39
191 129
123 85
53 17
194 26
25 59
192 106
25 57
120 116
138 144
131 7
17 191
192 88
196 96
128 118
83 53
135 13
40 6
44 122
5 73
199 167
144 158
23 33
120 68
148 26
150 32
64 180
37 111
155 133
59 189
131 89
119 49
88 14
8 8
18 160
42 2
9 13
43 13
162 184
86 188
58 186
130 72
9 23
102 192
57 169
92 150
123 137
200 94
105 187
135 189
17 139
63 137
66 6
198 122
56 180
132 14
81 9
6 198
48 40
192 8
101 101
161 3
146 78
91 191
134 6
83 1
103 157
74 4
153 129
189 159
197 115
1 193
72 160
145 153
175 165
19 67
26 106
81 153
125 119
34 98
51 53
52 6
68 108
197 29
31 41
93 23
69 181
156 60
127 77
155 1
109 191
90 52
24 48
172 144
37 45
166 16
96 138
118 48
122 152
81 197
198 38
18 184
49 91
135 87
123 65
147 49
157 31
11 43
111 125
58 190
70 34
29 167
70 60
88 144
9 189
104 120
13 31
51 183
9 191
83 29
189 43
190 162
199 155
127 19
34 170
105 57
91 3
5 139
109 145
59 163
44 22
194 114
108 38
86 198
2 102
164 148
66 40
89 93
140 186
115 73
43 79
51 63
157 127
31 135
67 199
99 101
51 27
156 16
129 117
108 164
1 197
165 53
86 120
96 154
32 142
153 11
93 107
90 166
159 109
74 36
112 90
106 140
56 44
46 158
193 23
50 46
70 64
132 44
173 109
191 191
98 62
164 194
100 22
197 111
155 7
192 146
104 192
18 88
98 4
137 35
88 22
193 79
190 20
146 8
108 174
45 189
97 25
117 163
12 98
35 57
13 7
63 133
26 20
14 150
44 200
155 125
72 76
51 175
163 43
93 19
90 54
95 165
133 19
138 118
62 86
104 28
94 68
193 13
49 95
31 47
103 131
137 169
55 191
10 86
128 170
130 166
113 113
68 184
123 151
114 102
147 137
139 71
30 120
114 174
98 140
138 2
115 189
25 195
122 90
95 191
23 89
115 43
49 155
28 164
135 47
157 109
82 68
133 195
95 141
190 170
96 152
55 5
67 97
131 47
136 44
123 41
6 56
65 33
64 168
134 148
26 162
33 137
15 169
34 194
159 95
122 86
41 23
45 57
75 97
47 181
162 86
187 3
85 105
107 83
6 48
194 46
127 99
140 122
162 72
118 86
23 55
28 32
77 183
85 145
34 88
147 17
26 112
6 174
109 19
79 169
165 43
196 130
23 155
80 44
19 169
163 127
93 171
81 77
62 122
72 170
120 20
149 45
74 156
158 190
96 198
163 193
151 185
56 168
92 58
149 11
196 46
1 143
1 169
144 14
149 21
26 8
94 10
187 123
49 197
53 63
58 108
146 112
197 187
63 21
118 120
198 8
69 97
58 12
131 61
85 65
10 20
118 66
148 10
144 86
22 196
19 55
152 18
50 154
62 46
195 73
142 104
44 2
122 4
18 100
71 199
68 52
105 125
27 11
39 167
131 185
123 173
3 133
163 89
199 163
72 64
167 71
105 113
25 83
99 151
55 197
143 77
154 168
53 109
157 141
104 38
75 195
107 21
114 156
7 61
58 196
63 1
149 1
10 156
167 159
128 100
193 39
22 60
84 116
66 2
145 9
51 187
99 15
105 193
144 194
53 183
52 132
103 111
115 49
80 134
14 32
70 80
101 173
90 148
195 117
3 173
74 194
148 8
41 37
27 43
111 193
100 186
150 170
197 153
133 155
69 75
153 93
106 108
110 126
68 186
64 8
128 102
5 169
15 57
84 38
132 162
119 167
42 96
73 189
49 189
7 199
98 196
136 126
133 177
90 186
21 87
47 167
198 70
168 154
144 156
22 164
100 96
53 21
26 10
134 20
93 65
151 189
141 11
115 25
9 127
61 107
7 49
144 164
35 93
157 37
29 35
55 155
110 104
114 48
103 145
1 147
102 156
188 18
7 111
188 52
128 80
37 193
69 67
64 62
133 21
138 88
6 34
58 176
197 163
13 173
54 196
167 123
83 133
80 166
11 199
136 74
150 106
63 177
56 184
57 105
17 3
42 136
68 100
37 155
53 173
10 140
47 193
42 160
14 8
153 77
118 40
135 1
85 43
75 15
184 120
24 150
14 52
97 141
195 49
74 122
148 46
102 138
124 106
193 3
84 170
125 107
100 10
103 195
26 92
98 114
19 177
192 54
199 183
189 113
152 160
108 84
84 34
60 146
24 58
80 108
104 76
61 29
32 130
37 189
58 118
116 86
187 25
98 156
47 71
67 111
29 145
50 192
115 57
127 91
8 156
76 32
73 101
147 157
112 152
188 8
191 101
97 87
119 21
189 47
188 118
32 180
13 57
67 25
95 33
47 129
16 18
13 19
90 104
192 90
149 97
123 77
125 49
28 48
24 60
51 159
121 69
143 155
68 98
23 111
50 172
98 70
150 118
163 29
91 67
3 127
54 104
119 131
107 33
109 157
184 20
195 133
69 169
79 39
90 200
101 99
88 40
186 158
9 119
83 155
88 152
51 47
161 59
165 89
53 99
125 77
81 143
78 132
108 160
186 108
62 116
81 139
187 63
188 188
163 69
58 130
78 172
38 110
55 193
132 154
96 98
135 41
186 190
75 167
87 133
81 11
39 193
120 154
189 29
197 61
158 116
193 115
113 47
77 7
56 16
78 8
132 36
10 148
42 42
137 57
30 154
47 147
194 54
38 56
149 87
85 97
162 44
148 24
41 135
188 142
42 184
24 138
58 180
124 102
84 6
23 85
43 37
184 56
55 127
198 108
183 105
145 175
124 138
17 101
77 189
18 178
111 119
76 36
12 174
64 68
52 174
117 17
53 191
110 102
158 16
90 106
159 63
122 122
99 69
191 89
195 139
161 157
67 123
36 160
110 50
144 64
8 132
191 187
52 180
197 37
46 168
26 34
72 30
68 36
67 147
97 145
125 81
76 62
72 192
16 166
198 26
121 183
199 69
3 113
195 155
88 160
199 17
159 157
162 130
148 178
93 63
38 38
70 160
75 55
143 59
52 130
61 95
48 176
199 119
87 27
50 156
131 39
129 189
2 168
138 36
23 5
147 121
91 25
133 197
112 118
139 49
56 114
42 170
136 34
82 98
39 23
155 195
120 166
83 93
59 77
100 182
13 151
100 188
12 36
139 19
142 8
82 104
92 16
74 8
133 105
42 48
115 103
116 66
144 184
138 28
143 79
128 50
159 189
37 139
137 63
47 59
147 135
144 52
159 127
104 176
12 80
159 113
70 6
191 167
92 36
69 83
144 90
20 44
87 91
82 38
32 2
26 54
12 24
148 28
146 162
184 168
155 171
48 134
78 70
148 100
8 56
111 143
138 20
197 145
12 146
186 174
63 69
34 76
32 32
48 6
101 135
125 47
193 151
78 58
183 45
74 100
124 116
137 77
11 19
69 55
122 60
161 83
191 125
54 80
139 45
77 153
19 181
198 50
151 115
65 175
5 45
30 40
81 109
133 25
56 156
51 157
120 120
71 179
33 61
2 156
93 183
194 52
116 106
38 64
26 182
76 116
140 74
5 111
89 71
28 36
117 131
15 101
67 135
142 74
41 19
121 123
159 171
56 200
131 163
148 128
108 44
89 193
18 6
109 155
150 120
5 93
20 158
85 107
85 51
64 200
60 194
84 54
7 85
192 176
86 118
122 56
57 109
150 194
21 193
160 6
92 74
9 33
7 159
52 84
66 44
154 54
139 15
30 50
28 104
71 33
69 147
30 116
125 171
39 139
9 109
73 135
77 9
56 80
42 56
83 191
26 4
53 193
12 154
151 145
82 198
185 113
28 34
35 81
60 166
61 71
64 48
96 82
150 134
67 29
191 99
153 169
131 71
8 40
19 101
125 137
11 81
188 104
36 164
139 117
96 118
182 138
183 121
73 33
114 182
14 90
26 72
113 29
92 114
194 188
87 113
142 28
141 165
65 165
88 182
99 23
25 133
129 157
98 186
156 134
35 89
72 106
149 61
181 165
181 195
155 63
7 147
16 152
45 179
119 117
47 33
129 17
25 135
186 178
125 3
81 73
110 136
129 153
90 2
22 172
187 27
69 17
18 104
55 63
158 168
111 57
70 84
19 21
52 74
122 8
51 181
27 103
67 107
189 185
77 31
5 131
42 80
93 199
120 54
189 41
62 188
98 146
87 101
153 183
29 63
28 118
20 166
54 102
142 114
59 67
185 133
81 145
88 78
125 141
28 72
110 66
101 193
146 150
65 117
158 50
35 65
46 78
98 160
199 127
4 18
98 170
99 61
56 22
77 137
119 187
70 186
4 184
144 106
2 164
117 155
74 6
17 181
38 104
73 19
89 113
44 98
135 179
72 98
26 82
182 154
81 193
34 92
113 3
89 55
32 38
138 166
191 147
137 167
148 154
32 98
196 74
147 145
73 139
27 85
134 188
81 137
56 76
60 104
107 191
50 128
105 69
192 148
197 161
13 83
6 36
2 40
108 50
36 182
102 88
10 6
10 176
7 95
116 172
124 24
89 159
73 53
186 12
184 124
125 73
5 79
126 144
51 193
32 128
86 2
62 6
39 149
92 166
71 1
186 6
142 146
25 3
5 189
14 158
12 178
96 162
147 15
183 21
197 55
16 104
95 131
59 43
61 31
130 130
187 65
97 73
83 179
127 101
155 123
23 29
15 103
156 36
21 35
74 26
200 20
110 148
105 167
144 30
51 125
37 195
93 109
68 44
71 131
146 198
68 154
86 78
133 29
31 81
35 195
105 79
86 18
15 73
112 12
146 12
127 139
113 111
135 159
50 40
182 150
61 191
118 184
133 99
125 115
25 117
187 175
8 62
26 120
80 126
195 81
130 88
30 124
21 37
73 9
117 7
81 173
145 7
134 96
14 86
130 8
180 138
30 176
37 87
137 73
130 200
49 49
77 177
9 45
99 189
29 69
4 8
73 109
100 176
195 85
108 172
183 9
43 111
71 187
191 195
47 35
1 3
180 158
29 113
149 123
36 200
120 6
199 67
107 171
64 34
92 188
78 88
141 181
115 153
122 198
189 77
18 200
64 80
94 132
76 194
20 176
18 138
19 15
143 69
50 196
47 53
30 182
94 144
8 134
75 75
15 1
190 172
127 13
66 104
42 140
44 106
14 148
24 172
67 53
100 28
97 29
198 156
135 113
57 7
125 1
182 106
200 66
79 137
57 129
117 199
42 46
96 6
63 9
51 43
68 46
39 21
104 130
73 99
129 73
45 33
80 68
10 18
73 119
12 144
136 64
145 151
128 84
109 123
53 107
189 23
87 33
24 114
10 22
186 134
137 157
2 60
186 28
43 199
32 46
7 7
52 10
114 100
63 151
129 31
194 78
15 185
19 11
34 126
85 25
103 129
103 137
31 165
85 23
64 176
87 127
108 124
35 45
92 176
131 43
190 148
127 39
14 200
75 139
104 160
124 18
70 52
122 32
81 187
7 39
57 183
67 83
35 53
44 46
14 190
93 15
184 166
98 26
135 105
177 123
14 22
9 55
122 74
11 161
89 101
29 77
19 53
6 94
81 31
24 54
51 61
135 29
177 177
148 200
80 158
112 192
36 50
117 67
79 141
103 151
122 64
145 61
22 40
21 159
41 43
11 131
67 61
191 159
112 126
146 48
120 122
69 93
17 63
56 148
22 82
54 176
65 161
44 128
131 45
37 135
113 135
199 35
145 113
140 52
113 121
83 41
94 84
6 86
125 125
138 16
52 102
90 70
68 42
125 45
15 137
117 129
132 76
19 69
46 120
106 118
101 179
31 155
84 106
195 13
186 122
114 134
58 72
187 11
76 142
83 139
73 85
180 176
12 126
190 92
30 54
64 64
91 5
94 92
181 63
48 78
75 115
43 41
200 12
82 102
130 120
198 30
136 200
78 80
41 65
67 171
15 87
2 28
194 158
57 23
84 168
143 135
112 86
83 163
89 41
179 143
51 35
74 94
144 142
128 112
114 92
39 197
98 104
44 32
100 100
94 44
185 27
107 95
45 23
3 13
23 169
73 157
33 7
105 93
199 51
36 76
178 66
94 138
177 57
28 12
94 98
195 195
124 84
15 121
144 4
27 129
34 130
12 142
196 54
69 125
62 168
75 117
80 178
181 147
123 155
132 144
18 76
44 80
25 39
176 4
43 179
47 143
85 55
50 174
64 142
135 21
193 163
77 91
138 72
124 86
85 125
9 101
74 200
21 25
3 171
200 112
79 183
20 34
22 106
33 177
33 29
95 93
17 21
177 133
101 125
2 4
15 127
3 163
59 115
104 150
185 9
61 173
83 135
69 183
195 145
142 12
30 28
68 172
20 160
93 159
32 34
118 150
78 84
138 26
95 135
55 165
66 86
21 11
119 147
198 166
88 54
26 68
23 113
4 74
66 88
56 142
143 123
58 148
198 36
143 35
31 7
37 57
193 183
148 118
187 23
123 105
59 61
23 81
145 123
80 128
111 67
188 30
52 182
125 53
182 42
78 190
185 39
121 95
6 118
3 53
19 131
56 62
29 93
144 38
92 52
67 197
142 20
11 67
102 200
108 186
179 5
64 60
76 108
97 197
41 169
41 121
198 132
125 175
86 8
195 177
1 19
22 6
91 121
146 138
23 51
128 168
108 134
10 8
52 60
18 48
58 128
20 130
129 111
8 140
144 168
91 163
143 183
87 191
200 8
110 186
99 195
143 87
115 51
88 84
83 33
146 172
84 150
58 102
12 42
7 37
16 32
182 92
37 141
178 200
36 132
47 139
137 7
52 162
89 195
26 86
131 37
36 72
107 177
195 179
175 95
120 84
54 72
10 32
200 82
136 72
60 8
60 36
35 191
91 129
23 157
13 119
124 132
94 38
189 153
103 89
85 195
196 120
191 155
200 126
71 145
180 198
40 140
93 27
77 21
51 153
34 30
141 169
95 11
72 22
134 174
177 159
31 91
81 163
23 79
30 186
88 188
113 119
18 154
107 57
34 72
113 115
185 45
143 25
21 97
44 158
52 160
111 145
179 105
190 128
2 132
73 5
33 145
70 190
71 123
106 70
41 149
71 81
19 75
145 101
193 27
71 17
68 76
140 14
89 187
34 104
79 119
131 177
62 58
41 147
200 58
18 186
196 26
15 199
122 174
117 51
69 127
4 90
53 43
49 29
77 163
4 122
42 76
34 84
110 120
103 125
118 42
15 61
11 87
141 159
106 146
40 10
97 105
185 91
75 39
13 113
195 197
128 200
18 4
140 54
32 4
61 161
10 194
99 99
64 54
184 96
73 151
79 165
22 22
26 26
179 77
55 57
50 10
96 126
178 52
176 88
20 142
198 86
45 165
137 191
41 27
88 28
52 198
179 49
5 159
125 61
123 181
72 44
10 88
93 97
177 21
199 109
24 164
144 42
134 54
31 117
133 109
124 170
63 55
93 161
104 88
193 43
98 158
9 157
199 101
35 197
179 181
100 42
26 130
133 131
28 144
28 76
115 99
107 123
32 174
122 102
116 102
21 153
132 46
30 36
4 170
101 13
19 87
27 47
33 73
92 86
101 17
32 58
53 37
76 66
5 141
142 186
5 37
125 181
51 163
108 142
95 157
181 41
195 11
50 168
67 161
97 33
182 30
61 55
7 185
48 188
189 9
63 27
30 14
137 143
110 110
62 118
64 120
48 46
99 73
103 163
17 33
115 129
8 72
130 94
27 57
119 89
85 113
182 34
24 108
115 17
49 191
5 77
91 159
36 180
119 13
119 35
191 161
105 109
90 42
176 20
136 80
129 19
132 12
118 180
100 94
82 168
18 32
86 174
117 77
127 141
99 53
56 132
44 168
111 171
191 193
29 67
46 56
187 51
44 28
174 40
70 106
130 68
61 105
94 194
117 65
126 200
124 72
70 46
135 149
80 116
42 192
115 141
171 185
78 28
90 90
44 118
7 41
84 98
46 106
50 110
94 86
116 152
191 153
109 79
9 155
97 115
183 137
186 54
196 14
28 110
34 96
194 148
187 67
31 159
4 162
90 82
69 33
126 34
186 110
88 116
21 83
61 181
82 22
99 111
5 185
133 159
44 182
84 124
34 166
131 23
181 117
71 11
70 152
88 68
80 180
54 16
55 11
64 184
51 29
104 132
122 40
16 92
51 69
75 153
69 5
8 86
29 89
18 94
128 62
179 137
108 178
68 182
81 121
198 112
53 159
7 65
91 101
50 162
87 193
122 150
200 132
117 87
124 44
12 108
181 11
180 46
97 191
99 7
188 196
197 3
200 50
46 186
102 78
54 90
74 64
48 102
29 83
170 178
92 156
73 47
56 70
194 142
172 62
40 130
92 128
78 144
105 39
193 105
111 19
86 132
16 148
107 185
79 121
124 186
172 124
48 32
47 77
40 112
191 43
192 64
87 165
72 42
95 37
180 186
113 103
124 74
68 34
36 120
30 110
182 68
103 1
57 3
190 130
61 43
30 132
26 38
79 161
71 163
122 184
42 28
135 199
19 157
200 98
52 168
6 88
1 189
9 113
99 5
65 163
181 135
191 1
25 197
55 157
115 19
53 187
108 28
88 24
11 155
121 91
48 104
28 184
5 49
186 48
80 26
117 147
91 47
21 195
41 3
35 123
125 121
15 11
78 64
31 69
126 84
42 120
191 9
9 137
58 122
27 121
171 121
175 7
74 80
185 53
169 191
62 146
8 178
38 98
27 15
31 1
136 78
30 156
17 67
18 70
127 127
45 191
3 147
67 117
71 143
178 48
93 187
177 11
174 102
122 194
137 41
10 64
70 72
77 45
45 59
134 140
95 59
101 43
77 109
17 57
15 197
83 199
16 138
86 76
41 51
19 195
38 200
17 107
30 46
129 101
76 80
29 39
130 180
101 9
130 14
75 149
97 175
189 197
50 60
73 181
70 138
117 13
72 198
79 47
10 158
15 29
15 25
52 58
97 107
70 88
128 124
118 118
37 119
52 116
80 60
72 186
61 151
125 133
79 99
55 125
131 31
48 26
9 65
127 85
58 76
73 131
102 28
56 152
1 73
37 15
43 191
116 74
7 91
101 83
110 92
42 54
171 107
130 90
64 162
19 107
95 147
1 75
30 16
99 107
177 85
70 122
183 143
73 107
35 37
92 30
45 15
87 51
132 178
87 149
72 78
6 158
132 170
38 194
3 197
64 98
173 135
197 23
64 78
50 34
91 173
190 186
23 125
47 189
82 2
135 133
175 157
53 195
28 158
45 121
116 54
50 12
87 175
9 135
70 32
106 150
38 192
85 83
176 42
125 31
198 194
123 169
37 197
190 12
173 167
22 48
80 106
18 188
49 195
36 54
178 90
178 4
15 187
2 188
174 28
41 191
101 67
199 79
110 198
73 173
15 135
34 18
69 53
60 102
197 143
200 154
171 87
24 128
125 177
18 52
88 192
116 140
106 124
180 126
12 114
107 17
66 78
134 72
189 181
112 72
48 184
6 38
112 184
180 106
184 90
82 192
170 22
40 36
32 72
168 90
116 94
192 10
83 11
20 174
6 92
87 125
200 194
80 152
120 8
52 96
181 47
91 135
31 181
79 49
169 21
198 134
27 81
34 160
49 9
188 20
171 157
134 80
42 60
78 130
89 175
88 194
69 23
74 160
189 199
127 1
14 194
168 142
83 75
180 144
33 197
11 5
70 22
91 7
75 91
86 36
66 12
113 89
107 195
121 175
34 128
98 106
169 155
113 147
40 78
103 185
18 16
185 151
18 106
13 163
51 81
180 200
124 126
184 44
183 57
40 66
123 55
55 27
171 141
169 169
34 24
46 110
117 39
94 126
28 94
33 45
175 67
31 55
133 51
101 19
128 120
79 159
63 191
175 41
60 10
99 93
70 40
58 18
10 14
17 89
130 178
199 189
107 101
6 142
43 39
100 134
88 118
58 166
60 88
46 176
180 4
109 1
171 105
51 185
91 93
172 30
77 79
11 105
53 25
50 24
45 17
12 16
80 162
87 97
48 34
58 140
74 184
57 115
63 15
172 78
185 159
116 16
27 53
131 33
119 149
180 142
63 181
63 19
20 118
94 190
117 23
124 192
178 54
196 98
9 95
41 99
175 1
131 81
41 59
123 97
114 22
62 140
49 131
191 91
36 14
20 88
9 49
113 27
65 171
45 99
25 151
106 144
198 152
43 107
107 117
102 72
169 33
94 196
194 38
114 170
31 131
1 83
64 44
117 45
54 42
131 171
111 43
14 138
32 196
28 64
36 32
74 76
196 2
41 127
122 138
91 99
41 197
36 66
60 126
54 178
84 32
105 45
24 6
2 86
77 93
20 78
7 109
62 106
100 108
193 45
59 117
185 137
59 41
43 51
176 182
180 196
130 154
93 137
90 30
5 115
2 138
190 122
72 4
97 169
40 96
10 184
104 34
96 66
200 188
47 187
14 182
44 8
125 57
3 169
187 185
43 157
68 134
86 70
198 118
81 65
187 75
120 132
42 40
129 49
19 105
171 97
179 141
25 113
44 172
98 174
3 161
81 191
130 112
182 88
55 91
36 102
200 104
44 130
90 8
93 99
21 113
171 167
38 12
45 101
130 42
16 20
30 96
180 36
175 141
104 136
199 151
99 169
7 155
69 151
9 107
35 149
66 122
109 15
62 104
67 71
67 185
121 37
96 14
170 126
5 85
125 183
49 199
193 197
115 175
8 20
39 105
174 194
107 113
66 22
125 165
91 57
115 91
11 51
72 166
173 29
166 24
23 137
190 96
62 62
200 192
30 42
14 116
45 77
72 74
99 165
167 27
17 53
26 160
120 176
176 124
27 195
36 34
43 149
15 133
81 17
43 123
177 25
167 171
58 54
80 94
170 28
107 187
22 118
43 49
103 41
89 95
48 146
56 14
173 115
119 91
43 197
14 186
39 189
199 41
183 123
17 23
28 46
59 119
39 67
80 200
45 1
167 103
75 137
27 31
114 166
66 176
14 174
36 58
172 12
23 11
11 135
6 76
14 62
34 108
191 149
77 121
7 89
177 181
183 67
1 173
24 132
106 16
120 136
40 88
58 114
60 42
54 174
114 16
114 24
190 6
105 133
79 21
165 159
100 30
48 154
82 72
12 56
87 111
170 142
112 34
55 101
73 39
56 36
55 29
6 18
164 192
10 40
72 52
65 17
112 136
26 60
126 170
27 107
126 26
115 59
66 196
95 187
48 24
14 146
44 58
84 134
27 197
1 27
164 78
192 198
115 13
187 143
181 1
2 32
115 191
123 147
46 92
171 43
183 77
46 28
184 16
118 68
108 46
79 5
193 1
92 28
185 195
170 168
120 38
31 27
9 9
108 62
96 184
84 196
94 124
183 179
103 9
67 167
5 75
83 47
57 101
28 10
78 74
112 98
116 194
48 110
89 81
14 114
5 127
64 198
96 130
60 124
71 25
13 23
36 186
193 199
111 41
20 10
46 122
60 150
94 156
9 167
114 152
55 33
184 140
8 176
95 117
28 140
197 179
81 81
6 22
15 113
104 70
113 141
66 34
14 144
5 119
71 63
96 192
73 71
37 121
6 74
52 54
22 168
15 15
1 103
106 32
5 155
164 130
17 143
8 122
88 174
167 9
18 92
72 150
38 178
172 122
24 122
163 187
116 76
30 102
35 141
66 124
31 5
103 147
34 78
196 106
184 4
24 196
71 129
177 79
38 106
74 128
88 108
179 95
77 15
31 75
32 190
166 32
15 55
89 57
112 160
119 85
35 159
166 40
200 116
183 35
177 187
3 47
86 60
169 141
107 47
167 89
108 52
61 165
49 183
20 106
31 61
73 57
187 129
185 175
6 44
68 78
27 3
59 199
193 173
74 50
195 47
198 102
173 27
75 77
13 11
172 40
71 147
66 8
1 87
3 41
171 135
78 110
79 187
16 122
175 161
86 40
70 184
167 165
120 60
190 32
57 143
14 162
80 154
26 186
31 171
96 90
34 136
85 47
177 73
70 174
18 174
86 136
18 116
119 123
114 8
88 38
108 154
92 56
21 19
89 25
116 64
176 22
93 41
18 108
186 92
66 28
40 24
170 30
46 180
92 170
36 138
45 105
103 91
69 3
23 107
119 153
90 4
12 116
24 62
117 9
49 111
69 191
34 38
189 91
46 128
121 103
30 74
91 147
188 172
17 177
71 97
113 11
51 139
52 142
116 198
91 111
56 32
88 138
84 192
38 2
45 45
64 138
84 56
96 124
54 6
177 67
56 46
89 121
108 138
30 106
168 178
180 62
76 88
30 48
27 37
1 167
75 129
55 95
89 171
50 160
118 50
163 149
184 102
189 175
4 84
33 105
22 108
172 50
28 124
31 179
190 60
29 21
47 57
95 65
16 132
171 169
84 84
32 160
115 93
195 33
186 38
120 88
121 191
113 197
112 44
55 181
76 180
168 34
103 85
17 163
85 63
16 2
77 71
179 29
114 2
21 157
78 76
41 189
87 89
83 111
71 87
95 143
67 129
189 3
6 106
57 19
92 118
79 55
188 164
19 31
5 57
118 152
51 119
167 101
115 79
86 4
37 117
169 161
198 22
165 177
99 125
82 30
71 149
1 37
98 172
47 37
17 121
34 22
46 58
18 98
59 21
94 180
35 105
4 76
76 64
69 149
89 103
176 118
101 163
99 183
184 160
94 2
120 190
192 178
67 55
116 136
85 129
186 144
97 83
36 152
49 33
67 1
6 90
60 48
190 86
194 192
191 127
114 194
82 154
58 154
76 94
63 169
193 51
57 87
192 42
95 39
60 188
65 105
72 154
10 112
94 54
176 78
48 68
107 105
119 179
115 151
105 55
45 153
48 156
56 86
179 139
4 130
191 175
14 36
96 200
104 188
77 19
27 127
14 34
73 91
111 35
54 132
193 65
77 115
72 12
77 51
107 189
112 182
113 9
40 80
66 52
6 182
169 113
32 16
104 96
100 102
10 24
70 168
51 71
87 135
96 116
181 13
40 172
60 60
72 130
114 54
17 193
108 74
48 42
38 60
85 37
87 45
14 46
35 51
70 162
118 126
192 98
45 109
51 17
53 103
13 115
72 162
31 143
64 58
70 2
177 143
105 29
193 185
22 156
111 93
161 153
52 122
40 70
185 51
59 197
113 53
91 21
115 125
103 97
62 120
34 32
172 20
94 100
31 191
45 151
67 19
48 194
47 157
83 27
115 29
63 87
39 199
162 6
116 78
21 147
74 172
114 136
97 101
112 150
53 89
188 200
5 193
83 153
28 38
181 31
81 149
6 26
84 46
58 100
174 104
163 57
167 189
52 88
12 96
179 63
172 174
89 163
187 121
175 183
166 106
198 16
108 34
9 1
84 158
22 146
3 57
60 66
29 187
30 118
5 17
14 164
79 71
180 154
47 177
99 131
21 139
160 60
104 104
9 93
21 79
166 52
98 88
65 169
42 62
19 193
89 15
6 120
33 109
20 48
184 70
116 166
35 25
25 181
107 13
193 109
170 148
43 173
29 49
172 196
17 71
65 87
65 31
110 8
99 57
53 39
112 68
179 131
161 95
46 172
66 16
83 23
97 17
66 148
26 144
179 99
175 11
103 135
9 85
97 15
172 134
48 112
47 123
55 97
198 184
22 188
100 54
105 121
175 15
186 78
15 59
9 163
103 33
15 49
167 53
56 112
175 163
104 168
196 170
75 7
49 71
180 166
54 58
10 164
164 166
99 157
100 38
77 65
40 200
176 146
92 18
36 166
97 177
23 71
12 74
75 143
54 140
95 181
99 163
113 31
18 86
72 16
11 29
65 85
102 26
41 131
183 83
182 62
62 2
52 34
83 15
196 100
56 88
14 92
63 121
42 10
1 163
198 24
47 25
33 79
89 63
175 3
41 55
167 139
112 140
13 43
97 39
6 64
109 99
188 98
181 179
3 99
25 93
167 175
174 4
109 137
42 38
90 26
175 61
158 76
26 188
175 103
164 2
105 75
27 159
107 63
111 157
80 18
101 169
82 132
52 172
27 95
159 133
55 187
103 199
31 115
44 50
163 73
104 58
185 127
180 74
53 13
52 158
111 127
176 200
84 94
85 19
33 43
192 190
180 174
112 8
101 21
29 7
182 176
107 121
200 30
165 199
80 10
12 30
32 26
74 116
65 99
66 70
78 42
108 146
39 57
34 116
55 35
7 43
16 56
4 180
102 174
74 132
189 161
189 121
87 137
160 74
25 47
5 179
168 80
96 104
7 73
18 134
38 22
200 36
197 155
60 162
105 159
108 22
108 66
169 23
34 196
159 67
99 177
32 88
64 108
111 159
53 71
10 66
200 24
200 60
159 107
47 61
81 155
50 56
33 175
165 101
41 113
23 77
192 38
76 10
199 171
200 148
77 63
3 51
66 128
112 22
77 197
194 200
52 80
35 15
98 200
196 38
111 175
46 38
85 197
4 24
66 38
162 52
16 96
59 45
198 6
12 160
4 142
76 176
54 172
50 32
165 137
60 198
176 26
111 197
44 10
197 85
180 38
85 57
163 185
160 80
91 141
59 71
92 152
158 18
23 17
15 171
32 100
41 115
64 12
42 6
180 44
27 189
23 83
186 56
181 185
185 69
30 72
161 49
70 86
104 64
4 200
186 30
181 25
47 165
96 86
165 71
66 172
67 7
65 189
158 84
42 126
196 64
77 151
1 41
15 93
62 50
198 180
51 87
71 173
199 187
167 185
20 12
190 10
33 67
198 196
100 128
104 116
98 184
198 54
76 144
66 62
169 41
183 15
92 42
12 14
198 60
84 40
62 12
97 189
16 88
109 173
198 52
7 187
191 67
47 7
31 153
27 137
24 56
54 184
68 114
167 21
18 136
44 6
193 133
174 118
56 78
177 137
180 188
35 95
93 89
189 147
104 32
195 103
3 77
180 102
44 154
59 83
198 48
48 84
21 71
157 187
161 7
70 18
76 26
185 79
3 9
77 179
86 160
75 45
50 8
33 19
31 141
159 1
53 53
157 85
181 153
6 10
156 80
91 43
69 141
159 7
55 169
168 158
192 46
93 43
173 199
187 127
62 184
95 41
2 8
102 136
158 6
1 191
72 54
100 132
176 68
78 160
80 192
84 162
57 95
93 33
21 127
89 169
51 7
163 11
78 196
102 112
92 80
26 132
52 46
91 83
183 95
25 75
194 42
58 48
78 86
168 128
170 144
42 22
81 185
60 2
105 15
33 97
45 81
55 43
64 10
109 61
75 21
15 67
90 76
168 16
8 164
186 140
196 90
38 74
158 10
17 91
94 104
159 119
67 9
99 105
70 108
28 152
27 149
93 131
80 80
37 97
172 132
183 135
177 49
195 87
74 12
73 45
200 120
66 66
37 9
38 182
21 21
88 120
196 12
89 155
94 150
80 130
66 138
52 156
155 167
48 88
108 76
61 123
12 150
65 9
159 79
171 89
87 117
167 105
4 78
98 100
104 6
1 97
41 101
13 97
49 165
154 170
47 91
105 65
22 194
100 152
89 33
39 185
182 166
6 24
98 110
93 139
16 170
174 18
94 48
24 170
60 74
157 83
170 122
169 65
91 151
18 166
36 86
55 139
5 199
41 35
93 77
180 164
21 143
34 10
98 78
90 140
31 177
95 193
45 41
89 17
85 75
40 74
178 32
78 18
196 184
157 105
78 140
193 37
173 63
49 47
19 91
27 109
74 16
163 141
85 187
86 144
72 138
197 13
54 180
34 110
44 198
52 138
156 106
1 131
165 195
59 35
178 10
169 129
19 79
10 116
184 178
26 180
183 173
5 5
2 24
1 183
51 15
158 148
177 75
3 181
5 89
94 120
45 61
45 187
82 146
71 109
4 174
18 110
41 175
61 33
19 43
38 166
96 48
167 135
88 162
30 140
79 129
199 45
19 119
97 5
30 92
196 22
31 147
94 66
159 3
7 177
71 197
21 45
158 14
198 78
81 151
2 108
171 117
30 194
9 91
53 181
49 83
95 137
73 35
47 69
105 3
17 83
15 69
6 110
49 15
63 109
13 55
155 69
36 62
62 200
38 142
28 180
25 61
7 45
66 164
5 59
167 91
63 79
86 130
67 45
179 47
194 196
49 121
169 177
85 79
52 114
196 196
14 102
90 46
49 127
5 101
52 150
72 144
21 163
30 162
22 114
160 178
64 46
79 127
42 50
182 192
60 34
53 185
168 182
12 86
158 64
8 30
175 29
185 185
83 7
13 49
9 51
154 116
45 27
103 25
2 148
7 19
193 81
47 175
174 58
53 105
54 62
163 77
87 171
93 25
12 200
171 139
187 199
180 118
56 134
92 160
32 78
65 123
86 22
187 49
162 106
47 19
82 182
68 192
31 23
35 145
85 131
35 3
70 200
200 80
65 197
65 167
164 142
103 63
186 168
1 23
179 41
44 188
48 80
74 186
64 6
21 173
155 145
8 66
7 123
36 28
84 70
155 109
176 144
162 12
176 174
164 106
166 14
23 161
46 62
78 192
198 84
28 96
91 53
29 181
99 35
23 197
57 1
56 90
33 167
158 90
5 191
172 186
12 132
177 147
102 20
167 73
63 49
46 188
33 115
155 57
35 19
161 183
63 11
37 127
5 83
90 112
18 158
190 184
53 67
90 178
63 81
189 1
153 187
102 2
200 18
91 91
86 98
18 26
102 80
179 9
99 11
40 196
16 128
197 169
21 95
196 68
4 152
161 41
165 37
155 149
199 59
154 62
20 24
25 199
90 130
199 9
81 59
152 180
195 129
87 53
63 83
181 181
14 30
63 141
79 57
88 196
95 53
13 169
65 109
33 27
57 53
88 34
1 151
39 31
100 56
32 106
43 175
162 62
196 18
87 187
177 65
1 61
43 61
29 33
153 89
190 142
36 46
27 179
30 114
34 14
85 139
46 148
175 171
187 163
154 24
77 13
12 70
182 98
39 51
8 78
6 124
166 50
200 124
69 153
163 197
7 63
46 126
79 173
78 98
82 46
85 117
11 27
42 150
97 109
52 170
53 5
9 81
24 140
50 106
5 137
37 89
160 196
92 132
168 184
82 6
164 4
187 107
16 178
172 28
60 26
79 81
88 32
20 56
161 103
19 123
61 133
42 146
47 141
3 29
30 26
12 166
5 129
82 56
33 151
100 16
194 120
33 17
34 6
82 78
92 44
113 10
118 147
190 67
94 141
50 63
159 200
32 51
184 7
15 114
169 70
159 40
38 153
81 114
147 120
106 155
141 198
51 28
182 41
35 110
61 84
129 196
103 180
49 48
24 175
151 146
92 151
67 194
72 189
73 46
46 145
102 93
20 1
113 164
167 88
27 168
105 190
162 133
79 22
200 47
80 41
121 102
29 92
122 133
91 186
106 145
194 37
188 193
31 138
85 38
139 114
26 183
198 131
160 151
143 14
160 47
41 168
189 44
150 45
17 160
134 111
37 48
160 145
98 99
53 186
58 55
111 100
31 156
8 77
18 153
161 80
39 74
180 15
124 69
144 173
28 107
155 28
93 38
190 129
140 69
63 14
23 92
180 139
67 186
132 33
96 187
144 15
69 126
186 141
184 81
155 46
101 148
61 46
68 53
143 142
94 41
171 34
54 177
70 109
75 162
144 129
17 12
182 87
96 121
8 109
108 189
116 9
143 12
146 167
200 157
29 188
92 31
68 147
99 152
60 39
195 144
27 64
39 164
189 6
64 75
80 9
99 96
90 1
103 144
138 135
81 108
144 31
109 160
52 81
164 85
128 153
62 185
4 167
60 109
34 155
101 2
172 111
14 37
7 166
66 85
26 113
6 173
16 33
53 158
71 70
104 89
93 50
80 99
185 184
190 191
78 161
12 51
27 108
146 73
1 130
133 112
98 51
193 68
127 34
45 62
160 109
7 34
138 131
121 164
10 183
154 185
119 100
156 195
180 67
28 125
145 72
119 154
187 102
68 5
71 158
111 62
84 9
177 100
164 57
13 144
61 176
64 195
123 36
153 196
27 36
193 158
1 18
32 161
107 30
128 199
73 130
74 177
158 113
143 26
117 4
14 171
199 24
14 147
161 110
150 13
27 72
194 87
200 159
157 136
77 162
161 12
135 108
34 79
110 127
19 94
125 114
114 151
36 189
66 157
153 170
118 105
165 142
164 27
66 63
161 148
174 97
11 144
175 118
55 140
95 146
101 126
46 175
121 84
72 23
45 68
2 93
141 74
188 89
19 8
22 187
161 160
168 199
164 69
162 47
62 99
145 144
69 182
188 17
138 117
39 150
111 54
117 92
103 132
31 176
32 121
44 121
25 158
153 188
161 16
52 177
117 164
11 106
151 192
72 163
63 198
83 136
162 171
182 157
169 170
52 7
41 124
143 62
44 1
187 64
155 104
122 91
118 141
174 165
133 66
137 120
65 44
136 107
20 43
73 162
88 163
85 128
20 157
43 72
38 171
134 173
118 51
122 159
76 191
130 21
125 178
109 192
79 174
152 15
190 93
183 74
58 127
73 4
69 106
93 86
35 146
96 11
20 51
2 67
8 195
174 121
165 50
117 16
96 21
141 66
105 78
193 194
32 107
93 118
11 58
38 85
152 69
51 24
14 93
37 120
20 107
82 141
5 126
41 46
43 78
14 175
53 84
184 47
192 93
14 23
157 98
124 109
102 87
91 126
35 94
190 1
3 188
112 191
76 99
41 42
70 145
6 77
1 54
178 175
65 188
106 7
132 139
69 64
55 166
69 140
175 62
48 51
110 41
75 70
114 59
103 170
50 107
127 82
163 38
88 171
158 105
114 43
25 16
162 69
140 153
21 108
91 200
120 1
60 113
141 164
119 42
177 180
50 73
12 133
24 21
37 56
104 163
67 76
178 7
45 146
143 112
9 128
155 94
32 149
3 110
109 188
148 147
114 45
30 169
112 177
63 150
105 60
105 12
119 116
23 28
4 69
171 162
197 84
85 22
17 116
19 78
18 17
113 36
182 117
122 101
188 87
9 40
80 129
45 18
9 130
185 180
133 60
160 51
114 179
93 156
77 64
12 143
179 80
148 45
49 188
198 55
117 98
170 57
166 95
157 76
58 29
165 138
88 25
147 106
44 153
105 182
119 196
180 119
67 14
27 18
65 10
17 144
122 39
83 184
153 26
145 128
200 167
53 184
175 168
167 132
91 118
130 49
90 189
138 45
76 143
106 147
47 6
149 178
37 152
36 31
125 130
36 83
43 198
135 94
144 127
142 167
30 109
56 87
103 168
151 174
28 109
166 159
183 120
68 199
113 196
90 191
20 101
69 46
13 148
112 173
81 154
158 39
69 84
25 8
189 26
74 11
159 194
164 21
16 131
92 63
95 166
80 11
138 63
16 171
85 130
50 101
161 2
163 56
119 158
33 44
45 50
190 149
17 22
29 44
98 165
61 110
23 70
163 16
131 94
32 49
187 138
169 158
12 185
56 37
25 18
196 65
121 4
161 172
14 91
34 63
28 57
188 137
75 20
54 39
88 53
159 68
87 160
77 118
186 157
146 33
165 56
134 85
34 19
56 177
136 177
20 153
102 71
188 163
34 59
150 37
91 90
38 31
187 176
84 107
1 174
97 84
163 54
163 156
32 57
55 182
167 170
147 68
117 188
123 64
83 180
189 128
159 28
124 195
42 13
53 108
143 178
150 145
60 29
82 17
173 160
153 102
104 25
120 117
71 172
101 196
83 116
1 104
186 79
69 150
97 40
146 59
142 111
69 108
158 85
135 152
81 74
54 73
189 78
129 52
100 57
176 125
173 28
57 178
75 168
123 192
25 102
55 148
17 18
167 144
113 158
169 134
16 85
10 169
6 91
75 164
42 97
47 134
52 187
140 25
54 171
89 92
82 121
126 51
25 88
71 86
103 96
182 127
63 88
149 2
21 8
130 137
135 180
88 47
149 108
84 17
51 6
155 72
11 102
22 137
40 119
120 111
106 117
126 153
72 135
176 123
109 12
155 128
16 135
108 25
144 199
142 161
10 179
39 144
18 199
35 170
57 70
133 64
128 25
83 88
165 118
30 69
158 89
69 28
163 154
1 192
141 26
35 130
28 91
10 149
58 113
130 83
132 155
53 106
46 183
63 104
113 32
142 109
104 13
21 22
151 116
17 8
130 101
61 198
98 151
30 21
54 55
122 131
140 147
31 46
24 187
182 199
27 20
25 166
148 175
6 19
91 140
85 174
32 71
152 43
60 87
200 39
122 85
42 181
87 174
129 142
167 44
91 92
112 85
38 183
51 114
39 54
194 169
96 101
100 91
45 80
97 76
148 69
46 95
122 15
54 77
200 163
185 26
80 79
50 119
159 26
94 173
144 109
168 115
160 25
25 160
22 133
120 33
130 67
57 170
35 66
135 70
71 146
177 74
137 164
59 186
66 149
2 31
157 80
62 157
133 130
89 98
148 177
81 98
89 142
125 10
7 164
11 156
160 177
197 22
124 103
194 53
194 171
197 86
85 82
52 57
73 80
81 10
77 154
103 14
63 136
175 150
58 3
6 195
94 157
13 172
133 146
144 141
126 111
182 9
95 42
178 141
129 84
76 181
153 18
46 153
87 186
131 160
172 131
99 68
170 107
65 96
108 31
22 81
184 175
28 143
130 73
112 27
71 118
103 86
99 66
12 141
92 169
128 73
111 4
52 27
160 71
20 77
14 27
14 97
7 178
68 61
86 3
18 61
110 135
171 166
120 179
95 100
169 42
178 63
132 11
94 83
133 16
11 4
13 194
98 195
119 112
195 42
165 170
128 161
55 36
128 181
150 175
196 83
95 124
23 158
59 68
124 45
164 83
21 180
85 58
71 34
126 23
55 26
133 38
132 23
129 146
60 23
25 84
67 100
155 146
90 151
7 96
21 32
50 47
108 153
11 24
38 43
88 9
35 22
36 169
37 160
135 20
138 111
23 6
156 3
114 127
51 124
1 144
138 155
121 144
66 13
102 135
176 15
46 195
156 109
197 146
116 87
80 181
109 120
117 86
93 106
35 12
199 96
195 136
146 45
40 169
11 184
86 99
123 92
105 172
39 100
95 178
109 110
81 18
59 94
151 82
7 140
172 5
116 79
84 7
72 75
163 146
54 101
10 109
24 51
143 56
13 2
196 57
89 2
68 1
81 166
8 187
43 58
139 116
154 65
43 148
194 95
156 123
144 41
47 172
101 184
77 60
50 93
198 151
33 46
55 154
129 154
149 82
123 28
87 140
24 97
134 125
143 114
172 167
108 197
120 83
56 101
126 83
170 71
6 177
134 131
37 46
196 121
137 158
75 2
50 115
8 159
135 32
194 121
20 27
52 129
71 102
101 104
160 81
106 197
136 93
15 92
63 120
167 124
92 7
119 156
26 181
29 148
32 65
83 98
149 42
23 188
17 100
178 13
144 189
71 94
8 165
124 163
142 7
37 16
123 162
87 62
59 86
49 78
8 93
146 137
98 179
50 187
153 48
81 126
39 18
58 37
58 97
48 19
134 77
120 169
146 95
86 55
132 169
102 191
66 197
47 114
28 13
175 22
17 172
129 12
54 155
61 12
172 157
82 37
17 164
5 74
46 1
84 103
200 145
151 124
22 139
167 126
67 176
124 91
111 92
16 65
12 139
107 54
45 166
92 27
142 147
64 123
30 25
195 150
166 177
116 181
32 37
68 31
40 167
69 160
76 27
27 26
143 184
110 173
68 25
178 5
49 114
48 119
74 193
174 157
159 72
94 95
40 109
58 73
81 6
115 134
129 34
73 128
87 86
87 4
52 113
78 59
169 148
19 160
95 54
78 57
53 112
27 88
130 153
56 123
171 178
155 40
150 69
2 57
49 64
5 80
200 55
12 171
104 113
25 150
112 193
31 6
8 25
99 74
153 42
75 14
46 157
84 115
31 130
75 60
160 57
3 28
191 178
86 73
141 128
132 133
66 31
78 5
56 89
50 153
73 200
162 183
162 181
15 28
23 58
18 1
18 133
59 118
8 147
54 175
77 18
101 156
155 142
147 154
7 82
108 109
141 36
192 59
167 104
126 115
6 17
37 162
21 28
31 34
91 58
164 79
10 159
138 31
119 28
175 128
59 134
197 142
158 161
59 24
51 72
165 128
17 128
52 41
9 150
41 144
63 66
194 43
65 154
30 159
112 163
48 77
164 155
145 126
13 10
7 8
45 128
16 79
62 21
168 195
65 34
158 33
3 4
151 126
110 75
77 72
164 113
81 106
107 6
90 45
15 54
12 91
165 48
87 20
99 100
96 191
50 33
69 134
51 170
192 43
15 110
49 94
163 152
74 47
113 194
137 6
1 100
9 58
111 12
99 32
34 183
156 83
43 4
9 24
49 14
36 29
85 184
115 34
28 75
200 93
45 112
48 101
32 181
167 116
57 50
10 45
61 102
158 45
59 98
74 141
53 62
75 112
73 120
162 13
46 163
134 43
4 51
90 43
29 152
193 64
18 67
45 26
117 126
58 151
130 109
87 172
153 50
128 103
141 140
9 52
158 121
99 132
57 118
2 55
113 198
20 53
103 172
22 17
54 37
79 128
27 40
156 165
104 67
160 19
57 156
144 125
122 97
64 63
139 84
92 43
68 173
196 73
67 6
92 85
151 162
123 50
42 109
4 39
23 116
1 196
152 97
171 32
33 160
147 22
128 15
33 192
192 5
8 131
86 119
68 133
53 44
71 116
11 90
55 122
24 109
175 122
163 178
74 191
135 64
154 147
98 137
132 195
136 165
125 58
139 16
160 195
159 32
81 190
91 112
65 130
31 92
80 195
19 88
79 112
105 8
54 141
48 27
129 16
139 152
97 78
76 197
132 47
37 64
5 102
193 168
30 91
119 82
48 139
85 76
152 115
98 53
93 190
146 141
107 26
123 34
20 95
55 86
32 167
163 164
33 76
194 103
43 162
189 32
56 59
18 87
40 137
35 26
44 99
115 138
3 170
126 185
134 97
82 183
56 105
162 87
116 131
75 142
188 125
126 175
25 50
198 175
174 81
113 160
23 98
3 76
163 116
139 32
72 101
98 159
50 25
18 85
88 33
81 198
53 2
151 24
114 117
98 59
131 12
102 81
88 65
84 83
151 152
194 51
27 38
49 160
69 176
64 73
129 164
87 110
145 134
94 195
144 65
26 133
62 37
25 116
9 148
66 199
7 138
167 40
171 124
139 4
65 102
100 23
22 105
111 16
24 133
96 77
63 158
59 170
28 101
151 48
85 94
38 135
99 118
152 65
86 143
34 119
86 121
78 93
193 12
153 154
62 31
30 107
69 34
81 164
33 16
114 5
45 44
20 89
118 3
63 30
93 128
158 79
141 84
92 185
147 6
102 79
55 124
18 189
29 198
75 194
54 35
117 28
36 65
42 147
148 97
161 40
159 70
31 112
57 60
192 149
54 93
150 27
126 73
72 21
126 183
27 56
198 193
55 178
49 192
48 111
11 188
74 137
18 21
77 144
30 83
32 11
93 102
9 104
61 70
79 158
107 174
200 181
129 172
25 32
40 121
141 28
157 184
167 16
149 192
144 191
139 142
57 88
8 9
21 58
34 107
144 87
95 186
28 37
136 71
135 72
44 57
143 54
148 91
148 129
6 165
100 3
37 86
126 33
26 77
24 167
121 162
54 195
18 179
44 19
127 140
187 30
124 67
16 173
66 175
98 31
20 185
74 5
11 18
10 121
119 114
121 60
162 193
133 74
70 39
100 83
98 169
37 62
146 193
107 40
32 145
107 50
5 190
22 121
156 43
71 112
121 6
189 192
137 28
25 20
141 114
114 155
41 130
35 4
70 159
199 172
62 195
99 72
131 180
142 151
196 49
49 180
15 60
14 11
23 16
56 151
113 12
113 68
146 183
49 106
62 183
67 116
104 171
160 143
18 51
94 165
75 18
81 142
53 92
107 124
1 8
29 130
139 180
134 29
155 6
200 69
104 59
140 55
68 71
19 4
44 23
100 19
62 87
5 62
18 193
14 163
143 76
62 13
187 182
131 136
70 9
34 67
107 196
131 32
27 166
52 157
102 13
162 125
29 116
30 167
25 168
37 80
192 145
67 184
161 128
51 136
19 162
82 93
36 15
6 35
82 197
90 179
187 26
145 54
114 19
50 19
124 129
162 23
22 127
85 198
1 28
74 7
117 94
112 19
15 82
46 193
52 135
82 67
32 125
13 120
117 48
135 24
81 152
137 90
167 20
99 126
154 143
9 190
156 23
70 51
114 145
78 195
14 131
190 97
16 107
77 14
43 174
20 151
2 173
54 117
169 64
26 141
165 36
52 31
148 27
191 34
124 89
53 200
196 157
83 178
148 35
193 198
132 15
105 174
109 48
81 140
47 70
45 152
38 191
5 6
18 147
114 1
192 47
122 75
16 103
153 68
200 189
140 85
43 114
94 79
13 42
33 64
70 27
80 1
21 128
32 15
141 12
110 15
28 25
34 43
97 68
106 97
166 161
107 160
72 139
163 136
11 10
116 125
117 18
123 198
41 74
56 115
24 171
3 192
164 115
190 151
147 182
158 35
108 65
15 4
1 166
195 26
21 114
165 72
47 16
193 74
200 95
3 162
25 184
31 88
89 194
20 3
153 164
75 180
32 95
128 143
138 83
28 3
38 5
49 170
63 108
9 88
23 82
40 141
35 172
188 71
107 150
102 3
43 6
6 85
42 47
158 29
9 48
200 123
75 66
82 79
76 113
99 48
136 189
147 52
16 167
44 149
98 177
25 22
50 17
129 76
77 2
164 45
60 151
89 176
117 186
88 199
69 38
7 118
152 51
24 165
31 194
89 84
138 3
149 112
80 117
148 141
28 41
131 22
22 173
49 46
68 57
149 146
127 128
91 10
145 172
165 146
109 150
31 28
108 91
44 179
76 115
114 183
19 32
39 72
105 114
74 151
26 195
6 155
140 109
49 120
67 164
98 109
109 200
130 19
148 75
57 162
47 46
80 183
20 137
103 102
33 200
166 15
73 190
130 185
162 7
78 91
21 120
120 89
86 113
123 144
101 158
56 155
99 22
196 113
130 187
17 70
73 88
44 145
52 69
138 51
111 86
29 6
46 65
43 154
185 24
45 2
128 129
2 169
136 157
9 4
28 163
18 117
67 94
133 188
192 41
21 198
134 75
59 176
65 192
94 167
12 119
45 14
157 64
20 109
59 198
161 42
76 171
134 9
129 178
194 189
161 30
56 99
138 183
130 191
3 58
161 38
155 140
53 102
184 143
140 19
184 187
15 72
115 84
89 96
195 30
142 27
148 1
198 149
156 37
159 42
56 81
30 53
67 64
97 168
119 90
42 85
140 67
140 27
71 64
38 127
195 94
197 180
6 125
59 60
42 177
8 137
154 81
115 180
72 121
128 189
104 125
114 99
18 3
191 50
196 59
140 129
138 17
53 12
97 20
163 76
3 32
133 152
72 41
55 22
185 82
11 114
92 71
46 13
103 30
200 73
52 165
142 39
19 106
20 139
74 167
14 139
127 22
97 30
32 119
89 132
130 161
3 86
61 172
192 107
185 92
151 4
61 16
103 104
64 27
59 8
147 116
68 39
97 38
31 126
163 88
156 19
50 97
91 52
110 19
100 195
113 106
133 58
14 33
141 118
20 19
98 11
45 92
18 99
33 190
137 102
123 98
121 192
20 99
145 102
75 128
38 169
195 36
8 193
150 49
14 77
115 120
27 192
108 193
11 194
36 55
24 35
27 152
19 26
93 44
73 40
137 184
96 19
83 156
1 48
197 120
3 150
114 33
12 161
100 153
66 91
50 57
160 55
69 88
196 55
34 185
130 107
117 88
10 145
77 22
51 130
125 38
12 83
156 93
155 2
191 54
143 20
62 73
188 101
195 156
2 139
181 172
103 74
73 122
65 126
161 146
185 72
112 45
121 100
142 95
2 151
110 145
56 65
128 197
157 158
134 109
147 112
93 40
106 31
91 62
27 136
77 182
88 143
152 5
16 1
85 104
152 127
44 95
181 84
84 151
134 81
200 61
161 10
41 166
87 16
69 180
25 136
194 175
84 95
185 164
183 110
141 50
144 11
120 51
110 89
55 156
84 183
70 55
11 166
68 13
140 11
155 136
136 49
20 147
135 110
126 103
47 88
155 174
60 99
27 16
101 74
6 129
80 85
14 49
90 27
198 153
13 124
187 156
134 105
143 152
87 164
73 170
139 132
18 167
34 171
26 59
92 33
91 84
19 104
83 112
155 182
106 33
61 188
79 194
45 132
33 96
90 25
157 180
71 62
11 30
79 114
98 197
58 39
44 17
98 3
97 28
52 9
8 39
113 176
29 114
52 149
64 51
103 148
63 160
51 76
35 134
187 10
58 17
88 51
193 36
159 196
32 135
91 38
196 123
195 82
47 12
192 139
155 18
53 30
88 19
154 109
127 10
92 101
135 122
135 76
84 153
182 151
134 31
197 42
53 74
62 53
116 185
63 84
121 24
133 126
131 176
74 173
4 139
37 134
136 127
87 106
48 127
30 155
67 148
150 191
78 115
101 178
11 164
98 23
20 161
7 98
129 184
147 192
54 135
144 91
185 32
153 138
10 147
73 194
142 141
106 127
138 9
93 180
35 50
111 178
25 48
62 171
1 4
150 125
89 136
1 24
38 149
140 125
196 111
189 60
151 108
54 89
67 86
192 165
20 197
53 122
131 52
135 156
71 140
5 132
14 103
124 159
148 123
155 160
13 102
41 196
112 183
34 75
123 156
49 30
197 98
127 28
35 78
135 2
79 58
6 73
11 190
55 186
28 123
44 87
6 29
57 146
63 78
18 151
68 65
37 70
54 61
72 89
108 51
31 106
70 113
96 183
200 75
84 1
99 110
88 29
117 64
183 140
8 17
138 53
141 68
8 101
143 170
22 41
7 28
4 149
36 85
100 187
155 108
134 57
65 70
186 177
199 146
32 87
28 135
123 6
148 13
56 27
25 172
195 66
119 120
117 192
19 168
199 156
116 45
74 39
121 62
115 44
26 65
77 114
195 160
155 114
116 177
131 132
82 199
6 107
25 24
153 160
66 131
49 176
150 33
16 3
120 171
3 176
8 51
9 144
86 105
155 82
14 117
36 37
179 92
54 63
89 102
74 75
21 48
124 39
67 134
149 16
152 153
148 101
199 164
90 49
73 102
5 38
87 30
34 9
138 73
113 154
87 120
9 158
101 68
40 93
181 134
108 19
24 83
116 153
75 110
193 182
93 112
84 97
110 43
199 32
50 95
9 120
13 138
91 122
70 143
44 35
139 48
53 192
145 182
6 101
78 13
54 151
35 8
93 134
42 53
196 91
21 168
197 92
179 98
133 164
123 138
46 125
100 1
40 9
179 88
44 33
136 89
146 173
36 141
55 126
51 138
194 145
180 147
195 20
112 67
89 116
60 107
4 125
82 127
3 142
65 108
33 164
63 110
190 55
128 99
71 106
80 191
71 60
1 116
127 186
72 3
40 35
199 44
141 86
101 198
65 174
152 129
44 143
67 160
148 51
30 123
188 97
31 152
63 74
122 87
195 166
184 131
30 71
88 187
88 189
145 192
58 79
187 36
14 169
9 162
106 161
30 57
77 68
101 38
151 90
123 14
187 24
33 116
59 20
10 119
34 151
51 18
187 170
97 152
126 5
47 182
145 176
8 79
35 30
41 70
140 133
102 173
101 128
51 152
70 93
149 130
17 194
145 22
126 85
65 66
103 58
195 104
6 55
7 134
115 194
110 17
62 97
60 163
5 104
116 3
97 106
94 19
150 51
48 109
31 140
106 57
49 168
92 69
125 34
30 135
180 21
26 41
10 39
1 92
48 183
63 192
99 70
134 19
72 27
82 87
120 17
133 52
52 141
186 95
96 13
144 193
61 64
69 102
128 165
39 84
30 127
52 147
104 81
142 23
89 44
72 147
25 170
69 168
97 80
57 52
196 95
183 116
133 86
199 168
149 58
47 4
63 72
128 119
190 177
137 26
17 56
142 173
107 60
106 113
135 52
6 59
116 63
44 9
114 3
48 107
181 42
64 35
30 87
104 181
69 148
84 53
186 97
133 30
188 3
196 187
178 193
96 165
96 195
13 78
142 199
89 170
46 63
98 29
108 41
46 119
42 73
150 91
22 59
85 102
6 9
184 189
73 34
150 7
78 43
42 121
39 112
70 53
122 161
76 129
74 65
177 30
192 185
51 148
18 89
118 177
110 179
99 104
150 101
54 27
187 92
114 171
124 169
139 22
29 30
102 181
130 171
142 41
92 25
64 151
180 41
5 16
39 12
32 61
194 193
92 145
107 182
146 7
79 120
112 157
23 78
106 47
63 172
115 124
36 49
72 115
7 194
101 132
189 40
10 187
100 75
68 17
145 148
88 133
66 167
106 101
47 92
96 189
63 36
52 83
99 10
121 118
4 105
186 175
178 11
67 172
193 34
83 62
193 192
34 87
43 126
182 45
20 113
200 197
35 96
28 63
65 144
73 172
123 86
32 155
49 100
21 18
60 21
118 145
89 62
16 125
127 96
17 68
128 155
52 61
120 99
85 54
5 130
10 59
198 101
148 61
48 141
26 115
19 182
61 40
93 78
113 40
63 98
102 25
67 140
189 200
8 153
110 161
111 24
32 153
5 174
43 110
20 165
81 104
147 28
30 131
90 65
102 65
37 42
199 30
79 84
27 98
189 198
16 47
180 171
68 163
118 175
110 11
29 56
194 129
67 128
108 87
175 156
12 199
190 39
84 13
176 189
90 127
135 18
60 165
62 79
123 164
138 175
200 53
146 69
7 192
90 41
69 20
184 197
76 7
144 75
141 14
81 100
17 104
39 178
135 160
81 80
85 180
125 4
124 63
182 189
8 67
80 197
2 189
177 112
84 101
3 174
7 68
193 164
114 189
103 178
91 60
146 9
124 5
58 165
191 46
98 57
73 114
122 199
45 32
87 142
89 154
74 139
32 187
95 36
102 147
179 90
182 155
34 141
49 122
56 163
136 135
42 75
57 22
136 91
108 99
33 4
58 77
139 184
74 155
177 164
103 150
35 18
36 185
35 104
9 98
139 56
199 104
200 1
185 90
91 164
60 25
58 49
120 165
68 67
116 143
10 37
6 119
79 178
195 194
51 86
143 16
2 35
175 48
178 103
82 117
73 56
42 155
73 116
84 67
24 45
2 145
3 48
8 41
30 113
94 99
34 81
97 108
109 52
80 119
112 33
139 52
49 10
60 81
33 110
121 156
182 195
182 49
187 160
191 180
186 51
184 57
121 172
9 184
184 161
196 63
86 129
53 126
82 81
7 6
73 76
138 103
36 113
52 117
71 54
10 97
179 46
86 11
42 95
19 18
191 102
79 168
124 35
4 59
193 118
132 27
61 8
179 166
123 78
191 172
69 198
63 140
24 141
113 108
129 136
74 157
16 71
75 12
115 12
96 63
117 122
46 179
26 197
27 54
134 165
2 87
42 5
83 24
98 21
47 138
144 185
39 102
137 154
189 34
14 19
26 137
126 197
63 40
8 69
189 176
31 8
88 95
79 34
90 19
53 8
14 127
143 166
78 103
140 63
140 59
191 184
56 91
45 58
192 3
39 162
113 186
8 151
25 10
197 184
138 27
195 72
80 57
194 123
33 112
127 102
3 66
53 142
93 36
52 103
71 88
144 119
120 9
181 98
194 109
13 182
123 46
134 135
133 166
126 39
185 142
99 130
91 40
49 108
81 182
78 109
66 33
37 126
10 167
197 178
103 98
90 67
28 83
65 100
60 97
6 83
69 40
17 170
43 98
178 17
103 140
12 93
76 147
125 144
51 132
30 43
72 143
137 140
21 116
46 83
187 50
77 96
128 107
10 143
177 114
139 64
42 63
52 111
103 66
57 64
29 42
183 108
35 56
191 40
122 7
22 55
75 38
127 6
116 193
5 136
21 76
82 3
114 47
184 25
136 149
9 74
70 35
182 83
104 121
68 51
185 50
125 8
8 35
36 59
45 74
79 70
187 46
53 94
106 67
3 180
42 119
192 7
22 27
130 127
179 66
94 53
7 58
21 4
131 154
55 50
52 35
90 133
67 58
45 108
48 97
121 16
16 117
103 120
198 57
176 1
192 97
72 155
125 118
116 133
137 174
78 77
73 18
29 196
62 131
32 109
24 59
24 13
39 22
139 192
105 6
42 131
18 65
188 165
71 156
50 149
17 184
65 116
82 145
79 118
179 102
104 83
126 37
95 96
46 3
110 139
138 33
45 40
31 72
61 142
188 153
39 148
86 19
32 103
50 5
107 70
73 12
31 200
128 13
172 27
97 24
109 22
199 50
79 32
26 23
37 36
192 173
85 42
13 16
41 52
35 74
14 81
27 134
191 186
174 101
41 200
118 179
128 111
14 133
31 146
54 167
190 145
178 101
37 192
128 101
49 184
4 117
172 23
197 168
10 49
192 147
194 105
73 72
54 163
26 49
56 63
87 100
113 98
128 55
83 52
33 80
45 134
67 68
26 83
60 77
55 4
80 53
82 195
124 73
79 186
54 121
69 30
172 9
4 101
80 103
96 145
38 1
35 140
10 139
84 135
177 162
68 187
1 176
106 11
182 43
129 66
113 100
178 117
76 149
78 37
191 194
129 38
183 34
38 37
98 199
194 73
112 123
80 97
24 191
113 88
86 175
135 168
110 27
40 55
83 172
4 107
131 62
46 137
74 9
73 98
47 24
75 78
68 93
30 157
61 112
189 174
173 58
185 136
81 180
48 157
107 188
132 29
198 67
11 148
137 96
15 198
97 180
127 2
34 45
44 91
103 114
84 139
23 186
14 1
12 25
127 198
106 103
80 105
191 136
123 120
137 34
4 47
138 119
89 134
88 185
1 178
39 80
123 194
172 173
124 181
65 18
79 144
113 6
127 150
129 156
177 184
95 6
13 20
77 134
84 113
121 196
88 5
27 150
3 20
84 155
97 126
124 187
115 142
123 80
86 85
184 123
128 91
54 1
123 154
178 89
116 49
137 192
88 107
36 75
36 195
180 39
46 161
200 187
84 39
183 2
129 86
29 68
42 169
179 28
173 12
96 199
134 73
5 26
75 170
77 24
66 143
180 55
40 187
93 2
85 194
109 114
180 183
42 191
126 81
130 37
70 49
120 139
94 109
33 134
174 7
24 143
75 182
49 162
94 47
67 26
175 60
195 100
133 178
124 75
175 98
169 156
106 9
121 36
188 35
34 117
178 177
176 67
111 138
30 137
21 96
92 153
1 180
137 16
174 61
180 175
175 56
42 27
73 90
13 106
52 185
173 188
75 52
124 177
70 3
119 86
116 93
91 74
121 134
69 70
71 110
47 100
136 43
21 162
39 2
24 41
118 45
35 114
49 130
57 30
30 103
176 119
44 173
137 62
119 138
189 136
2 105
79 74
8 125
80 21
122 29
98 183
180 3
20 159
175 114
190 133
177 122
171 76
69 174
4 135
50 161
137 14
80 127
61 150
111 164
194 75
77 94
135 116
78 113
136 77
53 136
45 16
42 195
15 142
84 143
80 23
30 13
123 180
122 129
33 78
82 15
47 22
105 122
78 63
48 75
26 33
56 79
98 85
64 113
81 58
200 183
92 65
20 7
59 38
95 104
96 181
15 132
12 23
26 85
10 9
178 59
175 42
194 23
131 140
11 80
199 40
83 82
186 123
181 6
24 43
106 27
105 46
116 175
81 102
86 45
108 125
31 124
119 44
40 29
192 193
130 123
134 121
116 183
70 179
24 193
71 132
121 72
27 34
81 56
34 125
135 6
182 65
108 111
62 49
20 175
100 37
122 175
26 105
87 112
50 7
14 25
116 109
95 172
38 125
102 129
110 181
26 95
171 114
24 23
123 108
128 135
170 93
14 45
16 179
199 160
42 77
80 31
195 124
98 35
198 15
120 59
89 160
12 35
79 96
46 173
10 1
14 157
172 41
183 30
1 140
191 24
75 132
49 62
1 30
33 14
170 157
14 111
124 193
58 197
83 86
79 196
196 135
36 115
1 84
81 178
61 90
63 188
83 176
84 195
21 34
36 11
2 103
66 181
96 163
111 52
19 48
124 147
28 51
39 16
89 130
31 18
83 134
4 87
133 138
191 166
46 99
62 61
74 147
80 61
40 125
82 147
185 40
71 30
111 118
18 157
60 91
79 64
182 181
77 176
114 197
180 79
174 19
13 98
50 105
108 5
36 135
114 121
23 170
23 62
110 13
173 146
3 10
59 72
91 192
118 155
99 172
53 72
192 23
128 61
57 100
110 143
101 176
33 170
125 42
178 39
17 84
62 59
6 79
73 180
52 143
44 13
34 21
40 197
107 132
43 70
3 88
15 84
83 12
10 79
9 174
43 132
10 193
127 76
179 32
186 155
107 140
108 45
93 176
170 133
12 187
197 26
65 182
192 133
79 152
16 145
174 141
182 107
78 67
24 101
39 30
51 74
200 11
99 180
114 81
20 41
109 30
74 81
120 173
77 146
70 173
85 78
70 61
38 181
44 83
105 128
9 84
93 142
72 151
128 85
79 10
178 121
66 53
186 39
99 102
43 68
72 1
188 79
102 21
68 115
123 32
30 35
102 101
48 197
86 93
86 197
76 97
5 98
87 168
124 11
186 195
200 59
28 131
131 90
77 70
198 19
20 105
199 20
198 117
108 81
54 185
39 124
127 148
5 4
184 173
171 20
192 111
29 150
102 195
5 88
50 131
104 193
10 101
73 6
20 189
23 146
61 72
80 101
15 116
121 106
129 98
168 155
183 52
26 151
43 106
109 100
78 157
58 159
40 41
63 50
120 3
81 120
114 107
64 185
28 23
53 36
180 177
87 192
96 25
17 54
125 80
127 78
49 182
57 72
18 55
187 48
22 87
114 25
167 48
123 150
174 49
119 36
19 184
184 85
165 194
19 170
183 26
15 144
185 152
82 175
99 18
100 65
169 112
79 166
45 88
3 194
68 103
13 40
77 10
67 130
45 102
11 108
22 21
122 3
112 89
42 15
57 16
193 100
188 109
118 109
188 143
99 114
85 72
30 163
27 138
2 19
48 173
187 72
102 19
9 152
75 196
81 144
89 198
88 17
60 197
89 148
168 151
16 187
122 127
178 145
14 129
4 177
120 105
4 5
123 22
5 108
35 54
188 23
65 76
7 156
56 53
18 47
101 6
120 45
30 125
181 154
120 141
78 169
17 98
3 36
93 82
25 66
118 57
68 117
62 77
60 171
196 71
184 91
168 173
200 139
44 119
172 77
8 115
54 115
48 155
100 107
40 175
170 19
45 176
76 11
8 179
177 36
71 24
100 197
65 90
9 164
168 77
68 101
101 120
96 49
5 70
12 129
36 131
31 78
119 98
10 117
90 141
170 195
193 62
192 79
40 25
101 122
52 95
50 199
66 153
51 108
19 152
8 23
91 12
54 97
26 117
122 79
7 84
8 99
165 88
61 116
75 130
75 98
19 58
174 151
121 2
83 196
171 130
65 142
50 175
31 58
80 73
181 50
19 96
105 56
178 163
42 1
9 176
82 173
84 25
178 67
176 45
180 173
38 139
60 79
6 3
196 15
196 81
68 29
77 48
9 140
1 168
169 130
125 108
81 138
3 132
67 74
180 113
9 166
114 97
73 58
56 187
61 186
43 44
36 177
101 100
125 102
199 56
73 14
169 68
83 158
56 183
185 196
92 187
73 184
57 90
65 80
85 148
42 41
170 153
167 50
7 122
63 200
87 12
59 110
77 28
20 39
116 199
126 119
45 168
33 40
76 159
60 55
34 69
187 132
90 161
168 35
169 44
30 75
173 194
34 29
118 103
111 132
119 150
14 63
18 39
171 18
101 90
72 103
52 197
10 115
19 44
42 7
119 136
55 68
43 182
121 176
40 57
104 85
23 174
23 108
59 150
124 41
120 79
37 76
185 122
24 123
94 161
125 60
85 52
187 174
13 12
170 149
33 174
19 38
21 140
69 82
45 86
180 199
17 174
116 99
67 138
27 8
63 2
82 149
4 15
121 150
44 97
115 164
178 123
15 6
122 179
37 164
75 42
68 79
34 101
1 90
105 150
71 16
187 144
40 145
112 1
45 194
41 150
44 171
177 146
6 71
117 176
89 34
121 70
166 5
102 9
93 84
94 37
87 38
121 170
51 116
199 144
27 130
18 135
114 65
27 180
197 28
38 79
88 99
53 42
91 190
177 178
183 48
66 173
195 24
46 199
24 177
37 68
120 137
59 54
51 46
115 188
116 39
115 150
34 169
164 87
110 21
197 188
11 130
29 184
95 182
78 153
177 20
163 8
168 61
30 197
113 116
112 127
25 108
122 27
113 122
42 71
109 140
120 49
57 110
108 103
15 88
173 184
104 105
162 143
14 67
42 23
28 45
27 2
115 110
164 9
8 191
193 66
53 156
64 169
112 25
76 57
170 51
168 183
56 31
178 73
192 15
31 64
189 104
82 139
92 57
83 54
176 151
53 160
164 193
108 149
74 125
168 113
99 78
80 109
16 77
106 135
24 69
99 98
190 101
2 137
115 4
41 108
198 77
69 2
162 137
20 11
5 40
167 80
167 22
43 140
119 126
25 196
74 189
102 83
178 83
16 157
183 184
104 155
53 154
62 35
110 191
100 89
176 73
45 22
198 99
200 117
68 197
195 50
77 180
103 174
92 125
24 75
179 100
180 13
40 39
79 184
72 141
167 74
26 153
100 81
106 191
193 114
47 50
165 40
19 62
91 100
61 122
170 145
54 111
101 168
56 25
6 115
168 95
166 173
48 99
9 196
90 101
169 118
35 46
102 47
105 106
61 48
31 48
68 41
168 45
29 32
17 118
190 71
199 116
43 170
7 174
189 14
119 22
81 160
109 132
85 114
165 98
194 17
170 175
55 104
113 180
91 106
84 81
33 56
58 33
23 22
196 33
68 191
11 56
196 191
11 122
187 28
41 30
107 116
10 15
105 22
38 21
24 149
106 153
27 158
98 115
120 101
10 181
52 123
101 106
192 157
190 99
120 57
120 47
118 19
33 186
40 185
84 37
69 178
42 141
9 50
174 43
171 12
100 11
90 21
24 73
26 71
189 122
111 20
62 17
25 38
172 161
100 199
62 39
177 12
9 44
2 127
185 18
81 70
167 174
62 147
165 174
102 35
161 188
89 66
86 97
23 14
66 39
169 96
36 145
12 99
181 186
8 1
171 74
164 39
73 132
117 190
34 39
78 65
36 121
6 103
104 189
170 63
69 122
165 96
77 88
37 98
46 25
23 40
167 46
165 150
179 68
92 3
48 181
107 186
162 101
61 194
186 199
173 98
66 11
89 118
13 80
113 8
54 91
66 35
100 53
189 76
15 164
12 27
97 142
160 135
191 82
191 162
109 94
98 69
19 102
46 147
22 103
197 56
73 164
78 69
87 150
79 124
165 92
116 17
161 130
47 78
97 60
11 118
114 113
16 91
187 70
3 26
27 92
67 34
193 162
66 23
197 132
26 31
31 24
43 150
65 104
197 182
36 179
72 35
18 113
193 72
105 16
20 47
45 184
62 1
86 61
4 27
51 144
81 16
190 179
46 127
48 31
167 130
66 9
182 103
1 70
28 47
61 36
11 64
180 121
161 58
162 121
197 150
190 109
70 97
91 72
60 161
57 182
3 146
89 186
58 41
13 56
60 1
81 2
117 160
30 105
26 43
94 51
182 93
41 32
175 138
24 87
84 197
94 11
9 12
19 86
91 120
5 68
166 53
187 188
25 56
81 200
7 64
117 24
79 14
1 44
165 114
166 189
84 125
106 133
69 10
56 17
88 193
200 177
23 142
103 88
43 18
67 198
191 58
7 154
57 34
112 35
40 147
111 96
162 127
106 125
30 139
39 110
163 162
43 22
22 191
72 49
69 16
160 165
163 20
44 59
38 161
30 183
102 5
56 175
72 83
41 34
6 153
84 149
190 175
164 53
76 123
21 184
165 108
104 109
76 101
103 118
36 143
31 52
19 46
47 80
23 48
19 112
103 182
49 20
7 110
162 179
191 66
58 143
44 187
109 90
87 130
64 175
68 107
187 82
2 179
78 167
34 149
159 52
166 87
49 36
177 194
93 70
72 57
81 22
45 94
60 111
48 153
91 48
186 41
174 169
5 154
23 130
2 53
29 76
34 53
176 127
46 131
19 116
199 58
63 102
82 63
177 108
112 147
100 51
112 187
97 120
35 118
183 190
160 127
91 116
78 25
173 104
164 95
26 51
106 63
105 104
89 112
60 193
70 103
47 62
35 86
167 176
181 122
100 41
192 143
14 119
13 74
102 193
179 164
37 52
42 61
21 190
73 50
51 100
187 130
179 186
83 186
84 75
34 41
46 39
69 8
23 118
72 61
192 119
47 156
27 84
52 107
82 83
17 130
86 193
36 43
160 185
50 45
13 8
82 91
94 187
45 156
114 177
37 176
20 25
51 98
199 8
52 133
169 116
20 155
34 35
30 133
103 124
89 56
29 102
16 27
30 171
75 174
52 29
177 142
106 119
23 18
161 50
176 87
43 156
86 185
93 100
50 71
15 66
162 11
59 122
177 140
44 65
40 49
43 28
28 67
16 37
85 172
171 120
89 90
109 116
35 176
171 156
159 138
113 134
168 71
168 7
63 166
96 89
43 124
47 142
31 188
41 58
94 117
60 73
177 58
64 197
91 124
10 11
162 89
27 60
74 105
41 100
160 113
84 111
93 194
162 153
56 165
38 119
111 94
24 67
22 53
105 2
171 144
44 163
173 140
107 178
4 163
112 87
97 170
4 159
12 107
25 192
164 101
176 121
87 2
11 174
74 113
38 185
49 190
78 75
84 77
9 78
162 21
82 107
89 22
112 13
18 81
98 131
6 69
107 166
177 160
161 36
68 123
182 193
170 95
158 83
50 179
90 75
71 80
101 28
105 50
169 176
72 133
31 192
194 33
94 25
168 29
94 93
173 50
16 49
86 47
61 162
100 31
199 94
105 62
26 103
107 80
13 86
179 154
34 33
183 172
92 59
73 106
72 31
4 19
2 51
175 154
62 27
185 46
80 153
163 180
90 157
171 60
177 72
28 147
28 19
38 11
4 199
44 31
48 105
184 41
176 129
94 127
197 118
43 122
58 173
4 97
190 185
61 88
109 72
107 18
91 152
60 137
173 68
35 152
76 125
169 40
177 124
166 23
11 178
190 183
3 30
55 94
186 111
88 71
64 49
71 150
6 191
22 195
6 161
1 20
177 50
104 97
62 57
76 193
49 146
32 25
170 13
30 121
72 177
71 38
39 98
39 104
28 77
5 122
167 106
39 92
98 49
35 20
23 166
195 60
189 144
7 168
18 183
41 72
77 200
26 97
107 16
108 69
189 58
90 113
172 17
85 124
108 75
102 189
3 38
29 170
14 15
51 158
109 92
45 4
41 96
97 186
97 116
49 56
74 21
184 61
86 43
42 45
78 189
62 155
30 149
13 68
53 34
177 28
189 24
156 169
54 187
82 189
88 153
176 137
157 196
155 168
97 50
164 133
42 123
198 39
23 42
54 5
169 74
70 45
70 15
98 9
89 158
57 164
178 105
90 159
46 151
103 44
162 165
24 155
72 119
197 104
50 113
76 79
81 84
103 186
55 34
198 103
100 171
13 114
170 29
45 144
200 149
42 107
106 115
95 22
196 153
33 122
55 158
25 164
84 31
37 44
181 200
168 31
165 186
40 5
54 17
60 57
13 166
94 145
70 89
174 139
188 5
96 41
12 31
186 7
31 102
103 90
193 26
166 17
178 149
74 119
72 113
12 59
195 78
76 25
47 190
81 92
175 116
105 112
78 3
174 107
168 125
100 155
175 188
31 174
165 54
86 37
36 35
12 179
69 166
2 115
179 38
71 36
156 191
87 156
103 38
51 66
186 125
181 114
20 115
188 33
104 55
157 108
90 115
101 32
103 64
195 10
173 66
95 170
12 43
102 137
2 41
57 66
20 59
172 187
35 150
68 75
104 143
84 129
91 34
194 173
14 71
105 30
85 190
97 160
174 39
102 199
14 7
77 160
195 168
77 8
198 105
62 63
56 23
76 47
81 42
35 162
28 161
160 39
9 110
166 57
189 142
9 36
104 39
63 124
47 102
41 180
65 38
169 82
38 147
193 14
16 39
3 118
105 124
70 167
173 92
195 196
98 157
101 188
15 78
19 6
78 87
165 190
99 50
17 38
167 56
81 32
23 180
18 163
166 33
164 131
71 142
30 93
106 37
29 176
156 99
186 43
57 38
13 158
191 154
102 149
194 45
22 125
184 129
68 165
94 189
33 114
31 114
70 101
34 147
53 174
95 160
25 104
38 143
2 29
57 6
158 3
96 55
21 14
98 5
196 159
36 101
37 184
46 129
200 3
62 89
56 179
11 62
197 88
187 196
52 105
78 185
64 111
38 71
49 164
196 77
67 66
82 181
53 100
5 194
4 183
180 9
173 120
75 22
29 58
181 138
57 58
73 16
47 30
81 68
27 70
47 162
105 58
51 146
156 81
20 29
196 31
76 77
182 175
39 68
52 199
25 198
105 28
189 88
153 166
162 57
99 4
19 126
80 69
90 193
172 93
45 198
156 57
88 91
174 71
183 150
63 92
36 171
28 69
183 54
43 178
100 119
79 200
29 4
189 18
42 117
60 195
38 95
53 188
27 164
176 157
51 94
36 103
161 126
153 130
181 148
153 124
36 97
51 44
52 87
26 101
63 152
45 120
100 7
3 138
18 71
189 62
63 164
153 80
40 189
72 19
71 44
30 33
174 199
154 127
78 165
174 125
97 178
192 45
6 23
28 195
7 198
84 91
160 181
103 72
101 172
158 87
44 49
13 168
67 90
56 119
51 82
79 132
77 184
184 39
80 137
159 22
74 51
12 193
179 18
17 190
20 131
14 135
39 166
97 148
5 182
29 124
191 22
153 72
22 181
77 192
101 92
56 161
4 143
183 106
79 50
92 133
101 70
84 43
58 91
13 58
77 198
164 125
63 68
160 125
30 61
60 143
70 175
67 192
12 81
163 188
4 1
185 114
2 125
187 88
37 108
165 4
156 71
85 6
63 8
20 15
63 174
97 112
154 133
4 33
7 142
8 27
15 52
175 40
68 125
187 6
101 14
154 129
1 102
171 142
153 194
187 90
51 52
55 58
13 4
86 173
4 13
88 177
22 19
185 36
90 147
55 176
92 137
71 32
197 162
89 100
17 64
98 81
193 150
96 103
188 179
66 73
179 72
100 159
83 20
156 67
19 192
155 90
172 81
46 149
28 21
82 9
198 191
2 27
92 41
35 160
199 200
57 194
167 36
177 200
43 120
43 196
59 44
30 79
44 193
8 141
185 28
14 141
75 94
57 48
175 104
20 31
176 111
50 141
101 64
12 121
87 74
93 4
48 69
165 70
23 44
29 126
92 177
195 106
59 140
44 117
154 177
89 182
197 152
28 145
15 8
45 8
71 130
54 79
66 67
160 171
53 110
85 26
10 151
91 180
16 95
95 122
41 64
188 69
100 173
90 95
199 102
9 118
77 20
173 64
183 126
73 94
68 15
189 118
84 15
22 45
194 191
185 168
78 117
35 182
194 133
65 156
73 160
67 54
48 95
84 63
43 56
9 2
87 200
38 165
98 47
197 160
12 177
153 10
47 28
161 94
173 176
36 197
39 52
174 89
39 86
66 145
82 89
89 124
169 196
80 111
43 92
87 148
197 200
24 15
64 81
153 86
29 70
55 118
63 144
80 175
55 152
153 30
195 44
88 31
33 92
81 20
6 41
1 62
23 172
19 136
154 79
92 161
150 117
181 130
184 167
42 35
99 80
199 158
55 116
1 152
153 144
20 119
62 141
29 82
160 179
161 92
155 162
48 165
33 28
6 45
58 187
43 42
14 87
188 129
191 120
17 92
87 84
93 24
184 87
160 61
97 52
24 55
159 188
30 77
59 166
59 62
2 95
41 12
24 17
176 31
38 55
85 116
174 45
34 61
85 92
51 200
80 179
169 140
19 120
189 152
95 116
43 104
