80 4233
73 51
61 35
31 71
67 69
60 42
10 38
40 70
26 78
18 60
28 42
36 42
36 50
13 33
12 22
72 18
19 19
54 36
63 43
11 29
22 54
40 40
17 5
53 45
48 42
57 45
9 77
63 9
75 33
29 49
16 54
53 51
49 57
15 57
45 27
79 75
76 10
41 29
61 13
15 65
33 49
59 77
44 34
75 19
57 9
69 57
20 46
29 21
49 67
64 50
66 80
57 11
66 38
29 11
27 7
55 59
64 32
56 48
62 16
13 69
79 67
36 30
63 23
63 47
42 40
43 51
34 10
12 16
52 24
41 55
13 11
55 45
16 66
66 16
11 27
46 16
46 30
47 19
22 62
65 7
68 78
37 17
38 74
73 5
32 14
38 60
15 71
48 66
10 48
19 51
79 63
16 72
54 8
66 24
27 29
36 52
58 58
74 26
46 70
26 76
31 25
42 26
53 49
33 21
78 46
43 41
18 28
58 72
33 67
46 12
70 34
32 72
59 27
54 28
20 6
71 67
43 11
59 47
72 24
73 63
13 3
24 32
64 70
49 11
57 65
65 47
62 64
48 12
34 18
29 33
78 48
58 44
43 19
8 24
66 74
49 23
75 49
34 28
50 24
69 31
9 15
39 75
24 40
48 60
18 66
54 72
54 62
22 70
73 37
65 69
58 22
39 23
30 60
40 72
25 15
10 68
20 66
71 39
59 41
74 60
61 61
45 9
33 71
71 41
43 43
29 45
70 12
69 65
77 55
45 15
63 21
27 75
63 51
21 75
80 36
59 23
28 80
51 9
51 73
62 72
25 55
16 62
38 32
75 75
73 31
7 9
31 15
7 5
33 17
68 64
73 43
69 37
80 58
45 5
73 13
58 80
55 49
37 63
67 57
72 26
29 61
49 3
55 13
17 33
40 20
72 56
65 75
57 51
44 26
55 55
67 19
76 76
9 39
62 80
62 44
43 73
61 25
35 75
12 60
61 79
75 9
61 11
43 79
76 22
9 25
25 63
56 10
41 11
30 26
19 77
79 23
44 62
50 46
55 11
63 27
41 21
24 8
15 21
64 38
12 66
34 80
14 8
23 33
40 68
58 38
61 27
31 9
22 40
33 69
67 11
9 67
56 12
22 80
69 69
76 62
69 49
41 61
52 46
79 65
63 39
52 32
15 25
72 38
52 52
7 47
39 61
27 69
28 24
59 39
34 44
73 61
72 48
53 35
9 23
53 11
37 61
67 41
60 32
38 30
29 63
8 60
10 56
32 26
68 50
56 44
66 36
68 20
65 23
73 15
55 21
42 6
62 18
66 28
45 41
30 20
74 12
59 61
14 50
62 66
36 8
19 59
76 4
72 68
22 32
30 38
55 25
23 15
80 76
65 59
24 68
30 54
26 24
49 19
13 17
61 49
35 59
46 80
41 7
46 6
12 34
58 74
33 73
15 15
68 4
16 24
50 16
17 75
76 20
10 62
24 48
52 34
46 64
10 42
37 71
63 17
27 13
44 36
35 41
7 73
76 32
12 38
36 40
10 74
48 58
65 55
52 14
52 54
20 4
31 45
66 76
32 36
12 30
34 72
54 58
8 14
70 48
40 62
21 37
47 45
59 67
43 37
72 58
53 31
36 32
32 18
69 43
67 37
26 64
53 57
78 22
18 56
11 35
59 45
28 74
35 25
12 20
18 12
80 70
64 16
9 49
10 40
75 77
11 45
9 73
48 22
73 79
18 42
20 78
12 10
65 9
55 27
31 5
56 56
35 69
28 66
38 70
50 22
8 74
64 22
76 16
31 61
67 23
7 31
58 70
29 71
51 43
18 80
36 4
80 40
63 75
61 43
49 59
12 64
59 73
52 56
56 52
29 69
32 20
72 20
74 78
59 9
13 53
32 78
28 46
61 75
33 31
43 21
16 50
60 30
50 18
53 73
49 43
29 5
27 5
70 22
35 63
66 52
10 58
59 5
71 47
53 7
35 39
48 20
51 13
31 59
75 45
54 24
69 61
52 4
74 62
76 66
16 38
51 27
68 16
77 73
38 76
51 51
55 77
7 7
51 49
24 38
71 9
57 21
74 70
44 8
59 29
11 5
35 47
54 42
51 17
50 76
10 80
23 55
36 46
76 54
72 70
79 51
69 41
63 57
8 66
10 44
10 54
80 38
23 51
46 78
71 35
60 54
57 79
61 65
56 76
73 49
30 48
57 7
19 41
52 58
65 49
26 34
58 52
19 79
48 32
78 80
51 15
70 58
48 38
25 79
21 13
56 70
58 26
49 27
75 73
24 14
29 17
62 56
71 11
48 24
32 60
37 51
21 29
39 19
29 43
47 79
23 35
47 39
21 27
76 38
33 77
39 59
36 76
61 51
72 44
57 75
74 18
42 36
62 6
50 64
66 40
51 47
37 3
80 22
43 65
53 17
29 15
21 55
14 44
77 35
25 49
76 58
54 78
12 44
53 9
32 40
28 52
10 6
67 45
64 74
21 69
54 66
67 7
37 33
7 59
63 69
45 33
43 27
72 80
50 12
69 71
70 26
38 46
15 27
72 72
24 64
70 20
22 66
45 7
78 68
26 32
71 37
38 56
9 75
64 68
17 69
23 57
39 53
16 44
48 48
16 18
41 43
23 59
18 6
26 44
24 20
12 40
22 48
17 7
21 15
64 28
76 52
63 67
41 65
65 25
53 71
22 64
16 78
30 46
28 14
15 37
19 21
78 28
10 70
64 80
57 43
75 29
36 20
51 59
50 6
74 46
8 34
77 61
77 71
12 54
39 11
62 12
56 78
62 70
55 63
43 31
38 54
28 58
78 70
25 17
58 54
80 74
67 55
59 71
23 49
31 73
46 14
28 68
44 50
25 7
34 50
54 56
37 75
7 41
48 36
68 70
43 47
26 62
12 74
60 70
67 61
26 16
64 14
51 21
36 26
34 68
57 57
30 52
30 40
13 13
56 6
52 62
76 44
13 21
39 3
72 36
49 35
9 29
23 65
13 29
39 55
75 21
76 12
18 34
49 9
73 45
33 57
31 63
67 67
80 16
48 52
18 46
62 52
67 21
11 25
79 47
56 20
16 58
68 30
60 36
71 53
27 65
34 38
11 65
74 36
53 55
70 44
59 79
19 3
61 3
48 62
28 12
8 4
68 8
56 54
23 5
19 73
60 60
25 61
74 58
25 9
42 8
64 26
27 49
29 53
66 54
51 35
57 47
56 72
16 22
68 32
43 71
78 64
48 44
14 12
39 33
66 58
40 48
28 44
38 6
59 17
52 18
7 49
33 9
78 52
74 66
40 30
22 24
72 8
34 70
53 63
66 56
37 73
52 66
71 49
67 47
23 67
28 76
41 19
69 19
54 46
21 9
58 56
62 22
70 16
19 7
36 60
33 37
57 77
61 73
21 41
39 41
80 34
13 37
35 73
59 35
21 53
24 46
33 33
27 45
72 6
35 57
34 20
72 52
79 53
73 35
63 53
31 17
9 57
39 25
77 77
14 4
28 34
54 12
60 16
31 37
56 46
15 29
61 9
46 52
63 79
7 29
79 59
77 15
10 76
21 33
17 47
43 35
49 61
51 29
55 15
50 44
13 9
25 37
46 18
62 26
73 47
28 22
24 16
42 62
38 4
78 58
44 16
68 72
29 29
11 39
37 31
32 8
39 21
67 53
34 16
66 70
76 80
50 50
32 28
10 8
52 50
36 54
25 53
44 66
22 30
69 15
61 15
50 20
69 53
41 47
56 38
22 38
55 69
38 10
20 70
69 75
29 27
74 22
14 10
72 22
17 71
73 71
13 47
36 36
63 15
75 7
25 45
55 37
28 36
79 11
55 61
50 78
42 80
63 63
48 34
80 24
29 19
65 29
49 49
77 9
47 63
71 73
31 27
10 28
42 10
16 42
59 59
14 16
42 16
11 75
9 59
67 73
64 72
46 50
65 63
19 17
70 78
20 64
35 31
71 21
63 37
44 40
72 16
46 24
42 70
17 41
46 60
71 27
18 18
48 80
11 19
36 56
62 48
34 42
66 26
15 53
68 44
54 74
74 68
47 5
8 38
49 13
16 6
39 13
46 46
59 65
50 8
8 10
36 34
79 35
78 74
11 17
37 23
70 70
38 66
72 74
37 47
37 5
57 19
41 59
61 17
9 35
68 26
51 55
23 9
30 50
39 63
19 69
77 41
45 63
17 39
49 17
43 17
50 54
41 39
66 62
75 43
74 64
76 40
29 73
19 23
75 53
10 52
14 68
11 13
41 25
17 29
27 21
70 6
17 43
37 41
20 62
64 76
49 37
74 72
50 36
70 76
37 49
44 80
66 50
57 25
43 9
38 12
21 57
58 4
80 14
17 79
74 6
71 51
66 30
37 15
73 23
58 28
21 7
22 20
25 5
7 65
80 46
23 45
36 68
49 53
45 79
18 62
38 48
32 52
80 78
58 8
49 5
63 25
38 28
61 37
45 19
27 43
7 27
78 26
38 80
10 72
54 68
66 42
26 38
60 40
27 53
30 22
33 27
29 67
77 19
42 22
8 28
60 64
11 71
66 72
56 66
34 8
77 23
51 69
30 42
35 7
79 13
80 66
15 51
25 41
35 27
58 66
23 69
20 76
51 7
78 16
52 28
13 75
58 14
62 38
26 6
77 27
33 13
13 7
23 79
35 55
73 21
39 9
16 70
78 6
46 54
38 64
70 24
44 76
65 67
17 25
42 66
19 47
64 36
43 25
15 11
71 23
49 31
7 17
66 32
61 67
52 8
44 18
40 32
24 26
32 34
68 58
72 12
26 30
69 55
59 15
59 31
75 57
27 3
55 35
42 4
79 49
68 48
46 10
76 28
16 46
17 21
9 47
76 30
64 64
25 31
12 72
16 36
74 76
59 63
34 48
75 79
52 30
62 32
59 19
52 70
48 30
56 50
69 9
70 66
20 34
19 9
22 58
32 6
25 75
14 38
56 62
19 33
16 14
22 56
29 51
80 80
50 34
51 33
46 42
40 16
40 26
78 62
46 76
57 53
28 28
21 25
34 62
63 73
13 5
64 24
32 54
24 4
27 73
52 26
10 46
56 4
71 19
14 34
16 52
15 17
70 38
15 31
23 7
77 75
22 44
12 14
78 20
31 33
65 33
42 52
30 76
36 64
27 35
7 33
35 37
47 65
42 38
79 73
59 53
67 5
71 29
76 70
10 18
64 42
57 15
76 34
25 3
78 38
24 18
37 77
62 60
38 18
57 59
31 43
76 8
63 5
47 59
12 80
47 35
13 57
75 35
40 80
54 52
29 23
36 80
23 29
16 12
24 52
73 65
15 59
31 29
64 56
30 74
34 78
55 43
18 76
73 11
74 54
69 63
55 9
8 40
34 36
77 33
41 23
44 10
38 16
45 43
16 20
21 43
39 69
19 15
40 64
42 32
74 48
15 35
30 4
37 19
76 24
52 10
30 8
21 21
31 19
15 47
42 54
11 53
18 24
29 75
55 19
18 74
13 41
66 20
18 50
17 13
22 12
47 49
12 6
23 11
70 56
60 28
53 67
40 66
55 17
78 34
70 60
23 39
7 57
54 60
19 45
65 13
22 14
7 75
39 5
33 25
12 28
72 76
37 25
54 30
39 71
52 64
18 58
74 30
31 55
37 13
23 37
61 33
44 64
11 79
51 19
12 70
69 3
36 18
18 78
71 5
46 34
66 60
51 67
44 60
79 33
11 9
71 55
45 3
49 51
43 77
29 3
71 7
9 21
72 40
70 8
54 4
61 19
11 77
36 66
75 67
62 76
78 42
15 7
39 15
46 38
28 10
19 55
70 80
70 50
25 67
17 65
44 42
44 46
52 36
63 55
8 62
48 8
7 63
29 25
56 40
20 58
67 27
20 12
9 41
43 67
68 56
15 9
20 44
26 70
72 78
27 63
55 67
43 23
11 61
73 55
14 22
75 17
31 65
31 67
17 11
54 18
71 79
43 3
13 65
73 3
63 71
38 52
7 55
28 4
74 34
71 77
46 32
68 46
51 25
31 53
73 75
32 80
20 60
15 67
23 13
7 45
41 27
66 10
34 40
21 31
46 36
48 28
66 4
54 48
48 26
9 45
74 44
22 52
18 8
71 63
32 30
49 75
33 11
53 27
32 10
50 48
36 72
64 54
55 53
40 50
50 62
46 72
30 34
31 35
11 55
32 64
37 45
46 48
8 6
20 74
8 18
41 73
38 36
64 60
62 34
29 39
39 35
22 34
34 52
28 60
8 44
65 57
34 54
37 9
52 76
14 26
19 11
31 57
12 48
79 31
74 4
18 68
19 67
62 42
74 50
28 50
69 27
45 71
7 39
44 72
10 34
61 53
42 46
27 57
53 39
78 44
50 14
17 27
41 57
45 25
43 29
29 7
34 76
41 67
66 22
58 20
30 16
77 3
7 15
46 58
31 3
65 5
18 64
34 56
37 37
32 16
33 51
77 53
20 68
68 76
51 77
14 20
33 79
23 3
44 32
14 42
48 72
40 76
23 23
77 37
29 79
39 31
54 34
8 30
11 73
13 77
16 34
24 54
12 78
7 35
16 10
22 76
31 39
10 20
25 23
11 33
63 65
76 72
12 76
15 45
77 79
56 80
47 69
30 66
80 64
41 9
11 31
31 11
53 77
36 62
56 18
32 24
46 8
29 41
31 69
75 61
67 35
22 26
27 77
66 66
65 71
75 13
67 71
67 59
10 12
19 63
37 43
8 8
61 59
65 11
11 15
20 56
31 47
33 53
50 10
28 40
40 34
61 55
47 7
29 47
20 52
69 79
43 69
11 47
8 42
48 56
9 69
22 42
29 35
14 14
15 61
35 17
15 79
13 59
60 26
17 57
57 67
15 75
52 78
80 6
65 35
64 10
53 79
44 56
20 8
26 74
35 61
80 62
68 22
58 62
58 34
62 68
76 68
58 18
50 42
80 48
18 54
15 39
26 10
24 6
71 71
35 67
67 65
77 11
80 10
33 45
52 12
60 52
33 55
40 36
63 35
7 61
77 65
14 6
32 68
34 34
79 19
79 77
12 32
44 28
10 26
61 57
14 30
47 53
64 44
80 30
79 39
21 17
21 19
34 26
66 46
12 56
63 31
21 59
43 61
49 79
20 32
37 53
39 45
45 47
8 68
59 33
17 37
50 56
15 55
40 42
57 73
35 11
19 25
40 8
36 12
35 71
16 56
47 71
64 62
51 39
60 46
67 31
73 17
33 63
26 40
8 54
56 36
69 29
26 8
34 58
21 39
46 68
67 33
49 71
21 49
43 7
59 37
9 65
54 64
15 77
62 30
47 33
39 73
37 29
12 62
48 4
66 14
67 25
46 26
7 67
58 78
74 80
21 45
69 59
10 50
21 77
18 30
33 35
64 18
72 64
78 24
44 4
64 78
50 72
9 53
63 77
53 29
64 12
31 77
66 48
54 16
12 24
18 40
9 55
44 30
36 48
60 66
33 23
27 79
44 12
18 70
34 30
70 64
27 17
30 58
16 28
38 14
76 46
73 27
9 5
24 36
9 31
52 20
18 44
15 13
8 22
41 69
56 60
35 9
75 15
41 3
47 9
73 9
25 29
19 43
78 40
34 66
44 38
63 49
7 37
74 42
77 43
11 57
14 72
59 51
8 78
28 54
56 64
26 60
65 61
27 11
38 44
16 64
60 62
38 24
67 51
22 78
37 35
8 16
56 68
27 15
15 49
62 40
70 18
41 77
57 27
8 72
43 13
29 55
9 3
30 56
11 51
45 21
58 16
72 4
77 21
80 8
52 42
31 21
66 6
18 20
58 12
60 80
61 71
14 46
49 65
26 14
36 24
8 70
26 80
72 60
42 74
57 55
76 18
65 17
50 60
55 31
8 20
75 71
13 61
53 61
48 6
68 54
68 36
33 19
48 74
63 41
41 13
62 58
65 3
43 49
31 23
16 80
42 60
62 46
27 67
50 40
30 68
52 6
27 19
11 43
10 16
47 3
58 40
62 50
24 30
19 31
17 35
47 47
54 44
13 79
64 52
47 37
32 50
32 66
16 4
31 13
79 41
73 41
65 27
23 31
71 15
38 34
10 14
55 3
42 58
28 62
66 18
12 42
75 65
65 39
31 31
54 32
40 4
25 11
25 27
28 48
80 12
68 62
7 11
45 39
70 62
57 37
49 21
67 63
7 79
59 49
27 25
36 38
67 77
72 62
62 78
24 56
13 31
60 20
55 5
39 57
63 3
57 23
58 42
56 24
24 62
53 15
38 68
36 44
15 5
61 63
41 37
51 5
35 3
26 28
54 38
40 54
45 65
47 43
51 65
65 65
38 62
39 65
69 67
9 61
37 11
17 3
33 15
76 36
64 48
28 38
68 52
18 36
72 32
7 19
42 48
74 24
47 25
62 54
78 18
68 24
62 8
22 50
58 76
8 46
52 22
27 39
47 15
77 49
26 22
42 78
40 10
74 10
24 60
76 6
20 50
54 10
60 24
13 35
14 70
50 68
78 56
54 26
40 56
68 10
13 39
56 74
52 68
80 68
61 5
39 47
22 22
33 39
25 73
46 62
55 47
60 56
76 56
35 49
79 15
75 23
68 14
76 64
26 52
47 51
69 73
21 61
38 26
25 33
60 22
70 4
20 38
40 22
61 77
70 28
7 21
10 36
20 10
38 20
21 73
79 43
68 68
64 66
35 5
79 21
65 79
79 27
10 10
20 28
17 45
19 71
53 5
64 58
32 76
10 78
42 50
45 77
72 50
63 45
10 64
20 24
59 57
35 77
37 39
24 44
22 18
24 50
36 14
54 22
20 18
73 67
9 7
38 22
44 54
21 67
58 24
41 41
70 72
44 78
24 66
77 39
27 41
36 10
61 39
17 31
50 58
72 28
55 57
26 4
46 40
14 74
71 13
14 52
77 7
56 30
79 25
73 77
27 23
44 48
65 41
17 63
9 17
78 60
73 26
63 22
59 40
80 35
35 66
74 75
71 32
21 64
24 19
30 41
39 72
33 60
41 22
37 56
68 35
63 48
57 18
60 55
80 5
68 27
69 80
31 42
16 73
45 76
19 10
39 74
68 39
72 9
20 65
80 79
48 11
43 28
15 16
46 5
64 61
19 64
61 80
64 17
28 67
24 3
47 34
14 41
26 75
79 30
71 48
72 49
25 68
43 14
26 79
14 61
20 57
48 47
36 43
54 37
77 8
55 76
9 16
36 71
30 71
19 68
14 63
34 73
7 48
9 76
66 53
21 34
33 40
8 21
30 23
21 10
11 4
66 55
25 36
55 22
35 14
76 75
46 13
10 45
38 9
14 19
72 67
11 66
8 53
15 70
15 10
22 11
25 14
80 59
68 59
8 5
12 77
15 34
76 9
77 6
16 25
45 22
16 79
18 25
65 62
29 32
38 33
59 70
37 76
29 48
34 35
15 78
58 5
61 44
18 15
31 18
15 32
26 59
40 15
63 76
65 54
7 44
74 37
60 35
14 65
29 50
21 76
71 8
57 50
53 26
68 7
12 23
25 48
44 19
19 48
69 78
72 69
64 19
22 3
65 44
68 5
59 12
42 45
78 41
11 18
28 7
57 20
47 62
57 64
72 25
63 62
47 50
29 14
55 80
53 18
66 79
62 35
34 53
17 48
28 37
57 72
19 76
18 77
34 55
33 52
60 61
12 27
73 58
67 12
21 36
42 71
77 20
80 67
65 18
79 12
9 50
15 36
72 75
39 24
69 52
27 14
17 78
64 65
58 57
48 69
50 5
58 47
70 71
54 45
43 48
25 40
8 59
42 59
45 80
43 22
75 34
13 80
22 5
75 14
75 12
18 27
17 62
74 61
36 33
29 16
10 27
44 29
48 27
40 63
44 5
70 55
59 56
41 72
25 56
37 78
56 67
19 80
17 46
39 60
77 58
29 60
25 10
52 13
37 30
32 19
13 36
63 20
22 67
53 38
9 12
12 19
54 61
60 59
24 79
8 41
68 17
69 28
42 65
18 13
25 32
51 26
31 10
67 4
72 59
54 59
60 3
46 79
8 61
72 41
49 66
67 60
54 43
34 21
64 53
71 4
42 19
38 13
79 64
22 55
62 69
8 3
45 44
42 61
66 69
11 52
13 4
61 6
63 50
53 78
14 73
19 16
10 11
72 33
15 58
32 65
48 63
80 49
33 62
19 56
78 65
79 28
29 58
60 63
31 30
54 57
23 18
24 33
60 17
64 33
13 42
19 26
60 79
49 76
33 64
43 32
34 79
55 74
16 49
24 23
60 57
60 51
32 5
55 66
40 51
54 63
10 37
56 25
18 63
42 47
9 62
20 55
72 13
47 24
41 4
57 58
65 46
21 46
78 55
23 40
32 41
41 44
36 35
31 66
42 35
56 9
26 21
29 30
23 20
66 33
78 39
13 16
18 55
40 75
43 58
38 47
59 72
79 32
56 75
42 33
33 58
9 14
61 18
47 18
9 52
20 61
29 68
14 69
60 5
8 23
56 13
12 7
71 22
26 49
52 39
57 16
52 53
16 3
20 67
16 11
72 77
12 37
72 17
57 12
17 34
22 77
47 40
45 34
51 4
71 12
29 80
47 14
33 72
21 18
76 71
32 73
20 39
37 54
70 65
69 10
40 23
29 40
25 72
34 29
62 63
74 33
34 27
45 28
27 38
25 20
28 53
19 42
68 63
18 17
13 58
75 66
57 54
42 23
22 7
55 28
35 4
38 41
31 12
13 14
47 36
47 12
27 78
43 30
31 40
22 57
40 71
17 22
19 46
77 60
37 8
37 70
62 79
9 58
48 19
29 4
53 36
24 65
9 66
55 34
72 3
79 54
23 46
29 46
66 13
15 20
54 67
17 76
80 41
30 59
59 28
28 49
76 31
34 11
75 56
78 69
40 69
73 30
8 67
70 3
62 43
22 47
54 55
67 76
35 56
16 69
60 15
55 78
45 50
61 42
64 9
14 71
18 71
46 75
38 45
8 39
24 67
58 23
23 12
42 17
53 52
75 74
17 26
7 20
10 57
34 9
64 7
16 19
51 62
46 65
37 4
63 28
33 74
68 55
27 12
77 72
44 27
49 34
65 76
64 23
67 14
33 76
51 74
42 31
34 43
54 15
11 12
79 4
72 63
75 70
38 39
17 8
71 70
9 36
24 69
67 46
54 27
12 79
27 16
46 35
10 59
62 47
59 26
78 57
39 44
71 62
9 42
76 17
62 13
63 58
28 11
11 34
15 8
67 68
35 72
76 13
26 77
25 44
74 21
52 65
38 27
43 52
68 61
50 57
55 24
62 73
41 28
35 16
49 18
37 60
59 34
76 35
53 20
65 28
10 7
43 4
48 53
12 13
36 17
56 29
78 35
11 68
58 79
69 24
52 9
20 25
27 54
65 36
26 69
13 54
56 73
17 28
62 19
11 32
59 32
36 75
60 37
30 43
55 8
59 42
61 26
30 69
11 26
71 34
13 76
43 40
62 65
27 28
21 78
72 37
62 49
67 70
18 67
20 15
54 17
78 49
55 18
31 14
50 13
75 58
8 55
32 23
69 62
15 18
41 52
31 52
72 29
23 64
71 26
76 33
71 66
61 78
74 57
15 56
47 52
53 60
68 31
79 46
26 31
67 28
29 42
62 11
29 8
50 43
77 50
26 13
58 55
30 65
44 9
36 27
20 9
43 10
11 22
76 37
34 19
21 26
26 73
17 24
11 76
28 39
15 6
12 71
46 67
41 58
13 72
51 38
45 68
10 33
23 80
54 33
64 71
60 45
11 72
60 19
35 44
40 37
41 12
78 51
25 54
51 66
56 31
12 11
43 26
31 64
18 9
70 23
66 35
73 34
55 70
8 79
73 68
39 48
40 29
39 42
75 44
13 22
58 43
59 8
16 13
24 5
11 38
72 45
45 14
62 71
70 51
57 76
45 42
73 78
69 48
51 18
50 39
64 29
32 43
29 34
60 73
30 39
71 10
47 78
14 27
11 16
41 10
53 12
42 43
18 59
48 35
11 28
35 18
61 58
37 18
56 27
36 5
44 3
31 22
47 44
7 56
42 21
25 16
35 20
7 66
40 57
39 12
36 19
73 42
47 32
65 12
22 73
28 51
61 22
61 32
24 71
66 7
52 3
58 3
73 52
52 41
14 29
69 44
33 20
40 45
59 50
68 3
40 17
23 22
23 34
8 33
59 62
43 56
69 66
66 73
72 73
23 78
60 67
68 37
8 51
63 40
78 63
21 66
21 52
26 27
35 36
33 46
34 51
19 52
45 52
58 25
14 35
20 27
63 80
70 9
33 36
10 31
10 71
36 67
42 69
80 23
28 23
63 14
48 49
17 66
37 26
34 67
74 53
9 54
75 50
55 40
46 57
27 48
62 67
11 10
33 30
31 50
33 34
48 59
53 32
72 79
16 63
41 18
8 29
7 36
49 58
20 63
46 39
53 40
41 66
24 55
21 22
26 25
13 78
8 69
43 60
15 38
16 31
7 6
43 80
79 16
74 9
23 58
57 22
27 6
55 14
29 20
46 9
74 55
24 49
64 3
26 3
29 62
29 66
50 29
76 39
55 62
48 75
77 70
45 70
79 22
19 22
79 56
73 80
48 13
45 32
17 10
40 61
8 37
68 47
30 9
11 54
70 61
32 79
78 7
52 37
28 57
32 59
68 29
75 42
35 22
33 70
76 45
26 53
69 64
27 56
12 47
80 27
31 56
76 29
68 41
77 68
75 8
41 40
64 37
18 19
72 5
27 42
10 55
76 61
20 11
49 50
38 63
30 37
80 57
70 37
66 39
38 11
51 50
49 6
30 79
41 8
46 17
66 57
52 71
76 49
39 46
60 9
73 38
41 20
52 51
40 53
16 61
32 3
55 52
79 24
66 49
16 77
18 51
26 29
45 10
66 41
18 39
46 53
14 33
20 35
71 74
38 19
77 66
14 15
34 33
24 37
26 17
65 14
63 36
48 77
20 47
26 47
66 27
58 7
42 27
73 16
10 29
58 77
21 12
66 47
7 52
41 78
57 68
7 8
37 66
53 80
24 41
69 38
21 60
9 44
31 60
14 49
16 43
57 78
63 64
25 34
43 8
61 54
63 46
14 79
40 59
67 52
63 26
10 25
56 77
37 14
26 39
27 58
38 59
76 25
7 32
80 29
14 13
20 77
43 62
9 78
56 65
22 65
12 29
52 57
44 51
33 28
52 77
50 77
30 61
11 40
9 64
9 18
13 30
79 58
64 75
45 38
47 64
63 66
74 39
38 55
14 31
20 17
56 17
43 6
57 66
15 76
11 56
20 33
69 68
40 65
30 63
28 5
35 42
47 48
22 75
34 13
49 60
60 23
34 23
25 30
77 46
16 29
8 73
47 68
53 28
54 3
58 17
75 76
65 32
55 58
31 4
67 80
62 61
50 21
60 75
52 31
50 65
59 30
72 7
27 8
48 17
10 49
54 5
79 6
42 49
56 69
71 18
53 30
55 46
76 57
22 41
39 16
10 5
39 64
15 4
65 26
46 15
27 68
23 36
65 50
78 11
39 50
75 78
65 74
45 4
7 80
65 58
26 5
23 72
22 37
77 64
58 27
16 37
47 66
16 45
33 10
9 72
59 46
61 16
44 77
57 46
78 37
62 75
52 25
73 6
59 78
72 31
66 61
60 7
59 76
30 7
35 52
10 79
32 75
58 53
49 42
79 70
76 67
14 67
36 39
38 79
31 72
64 15
53 64
13 40
41 24
77 76
36 25
22 59
15 40
48 43
59 44
52 17
47 76
12 75
33 56
37 50
25 4
68 49
77 24
29 26
16 39
77 22
57 24
48 55
8 71
32 17
15 30
17 38
43 50
26 51
19 70
8 9
76 27
35 78
50 19
15 50
36 79
28 63
80 53
32 67
56 63
29 74
23 14
72 27
24 29
15 14
51 80
23 6
14 37
27 20
32 13
43 72
60 13
46 49
8 65
53 66
58 71
80 61
46 3
26 41
23 24
40 25
13 28
73 74
79 80
30 31
33 8
71 50
44 59
13 68
49 20
67 44
67 6
75 80
21 74
45 8
80 69
24 11
76 15
21 24
27 26
10 3
7 30
75 6
17 12
52 35
42 51
25 18
56 39
45 58
78 43
50 17
72 53
61 12
13 34
53 50
34 47
16 41
52 7
48 57
54 25
43 16
70 77
45 6
24 45
45 48
74 19
32 77
65 6
42 63
41 74
15 68
43 38
36 77
61 52
37 32
7 24
71 6
7 42
73 66
51 10
35 64
47 58
9 20
45 24
73 70
22 69
67 38
36 55
27 80
73 72
58 59
16 21
11 70
25 26
69 50
9 48
51 48
41 30
26 37
55 72
23 28
67 30
21 54
50 9
32 55
14 9
28 29
23 60
9 4
69 72
24 73
65 52
7 76
55 60
41 80
57 44
16 57
7 54
71 42
34 61
35 40
53 42
73 48
63 56
51 72
22 53
48 23
36 11
20 13
44 57
20 7
17 52
80 11
47 70
39 80
36 47
68 67
30 11
26 45
39 56
18 5
44 41
12 25
27 36
14 17
7 14
23 4
30 57
12 57
25 70
50 49
12 59
67 72
18 53
55 16
45 78
38 25
50 59
47 54
53 46
76 7
46 47
48 33
33 16
71 24
65 48
18 23
44 63
24 43
67 32
80 77
41 34
32 63
36 37
22 71
45 64
61 20
33 48
39 68
65 70
45 30
13 66
16 7
17 68
9 10
34 45
59 38
49 72
48 51
48 9
77 16
78 29
77 36
74 47
76 69
24 47
59 16
50 75
17 64
33 24
49 70
71 14
22 19
69 8
68 77
18 75
17 40
59 10
10 19
52 45
75 72
35 68
77 56
39 4
21 70
47 20
40 9
12 63
10 67
20 21
63 18
73 56
44 75
77 12
50 67
65 24
48 5
80 71
79 34
20 69
43 36
72 35
28 41
47 4
79 38
44 45
58 49
19 38
63 24
71 72
78 33
18 29
54 39
78 19
16 23
46 43
42 11
27 52
47 46
57 80
45 12
61 56
11 62
68 43
44 25
30 17
25 6
35 12
54 31
66 31
50 61
45 54
10 13
75 54
69 56
31 36
43 18
48 21
28 45
10 39
12 3
49 8
32 49
48 25
9 34
70 75
19 50
53 10
77 18
64 57
38 35
72 47
58 33
44 49
39 78
62 29
69 70
35 38
25 24
21 42
68 9
64 63
25 52
7 16
19 20
8 77
14 39
18 37
31 68
77 30
63 54
50 41
65 22
54 49
61 30
24 75
27 60
15 60
50 23
50 31
29 36
34 77
51 52
62 57
14 47
18 31
38 69
71 80
11 14
31 20
20 29
57 52
65 64
62 55
38 37
16 71
40 47
57 32
51 34
38 77
74 63
9 26
35 8
78 45
73 24
45 16
59 48
35 28
24 63
38 15
9 60
61 66
36 51
7 4
38 23
47 26
10 65
56 51
19 66
21 62
77 80
57 10
70 13
63 4
44 73
41 50
20 43
48 61
35 58
79 68
54 79
61 24
28 73
65 4
70 69
34 41
19 60
61 68
74 77
66 19
30 3
42 25
17 32
59 14
80 47
63 8
57 14
31 62
30 35
79 78
73 12
49 52
47 30
43 42
73 40
21 16
12 39
25 12
22 29
33 42
30 15
49 38
57 8
28 25
76 51
64 47
19 4
27 4
46 11
61 60
49 78
60 33
58 67
30 29
64 51
79 18
34 37
39 10
47 42
49 68
15 66
59 60
62 51
70 7
56 61
75 22
16 53
12 65
52 69
8 45
66 77
21 48
70 45
37 6
19 6
24 15
66 65
71 36
56 3
18 43
57 40
60 71
45 18
33 32
51 60
65 42
24 13
44 31
34 25
25 66
41 38
77 26
33 12
67 26
61 10
63 72
36 15
55 36
10 47
7 18
31 38
40 55
31 16
42 13
58 63
51 24
39 8
42 7
15 22
63 30
28 21
14 53
80 25
69 40
39 36
29 70
48 29
47 60
49 54
80 55
12 33
12 9
69 6
10 21
23 52
65 66
63 42
64 55
62 9
13 32
38 21
14 7
74 29
57 26
33 6
44 13
58 37
21 8
44 23
61 70
70 57
28 43
36 23
8 49
72 57
29 38
53 6
55 48
71 44
61 34
58 15
58 69
15 52
69 18
51 70
24 27
14 21
48 3
75 30
50 3
14 25
9 24
46 29
22 33
24 39
66 43
80 33
49 16
57 62
27 18
52 67
49 46
49 28
40 39
52 11
72 23
68 23
62 41
74 49
69 58
59 58
16 9
73 18
42 29
66 29
63 32
31 44
68 13
11 78
19 14
66 67
11 36
69 76
28 13
56 47
68 53
60 69
56 57
74 31
15 72
16 33
17 56
33 26
63 78
36 31
61 46
28 79
79 10
18 33
52 29
44 37
75 18
60 27
61 64
32 15
62 77
29 24
53 68
24 35
51 28
78 23
13 44
46 41
23 8
23 54
49 36
21 50
71 28
36 63
67 18
65 30
52 59
54 13
18 69
66 15
26 43
67 42
49 48
40 33
45 40
37 74
76 3
32 57
37 28
21 32
65 68
75 48
50 45
17 30
37 44
30 75
44 15
31 8
28 3
53 76
75 46
34 75
23 26
28 71
16 75
76 47
66 59
24 51
12 51
70 5
74 17
44 67
35 26
61 50
49 64
62 17
10 43
80 17
59 20
48 67
54 53
30 33
72 43
45 56
19 54
14 51
24 59
50 71
12 15
75 38
79 44
68 15
79 52
41 42
10 53
9 30
21 68
50 53
54 65
57 56
11 8
12 41
44 21
67 62
19 28
47 6
40 13
57 6
8 57
72 71
44 79
14 59
77 28
56 41
10 23
7 22
17 36
53 4
34 69
36 61
22 45
13 50
61 48
57 42
80 7
77 4
67 22
29 28
8 15
50 51
53 62
57 30
46 37
57 60
67 10
65 10
40 19
69 46
28 9
74 25
80 45
51 78
46 61
14 77
33 38
53 34
18 3
76 11
52 47
66 45
9 80
60 47
78 15
58 39
73 20
77 44
59 4
48 31
79 8
39 66
80 19
68 11
75 24
60 31
67 78
50 37
17 14
56 5
20 5
23 44
64 43
35 74
59 24
77 38
80 3
70 15
50 33
40 41
63 74
52 23
9 40
13 48
31 28
71 54
69 26
52 43
21 56
76 79
73 54
41 36
23 42
39 40
44 7
28 69
13 24
40 43
20 31
37 16
68 19
79 42
22 25
70 73
13 60
9 22
30 55
71 58
51 6
62 53
43 64
61 14
13 74
33 68
27 76
15 44
78 13
56 11
62 21
35 62
23 62
59 52
70 33
46 73
77 62
25 42
8 31
39 28
11 60
28 19
10 61
80 75
22 15
39 34
29 76
51 68
55 6
19 32
43 20
28 33
66 9
12 49
43 66
21 20
56 23
76 23
60 21
12 35
21 80
8 47
62 5
37 62
53 58
75 36
65 40
29 52
38 17
55 54
61 72
38 7
58 35
8 17
45 36
70 11
13 26
49 74
68 75
47 72
59 74
78 5
11 46
28 55
78 79
37 80
52 5
76 77
71 38
23 30
69 12
67 64
67 58
77 42
27 70
17 72
17 54
51 30
32 45
63 68
32 33
29 22
27 50
51 46
40 35
57 70
43 12
71 46
16 5
7 74
50 55
53 44
35 80
26 15
18 35
18 45
63 38
37 34
8 43
74 45
44 43
64 67
66 3
39 52
58 73
30 51
44 71
45 60
9 68
76 55
77 32
15 26
40 5
80 73
51 54
9 32
56 43
23 68
17 70
11 24
16 55
17 18
77 40
36 69
78 27
58 21
54 35
29 72
32 27
37 36
62 3
37 40
58 31
51 12
74 67
15 24
73 50
42 37
37 22
18 47
69 54
48 15
11 64
21 38
32 39
1 1
2 1
1 2
2 2
5 1
6 1
5 2
6 2
9 1
10 1
9 2
10 2
13 1
14 1
13 2
14 2
17 1
18 1
17 2
18 2
21 1
22 1
21 2
22 2
25 1
26 1
25 2
26 2
29 1
30 1
29 2
30 2
33 1
34 1
33 2
34 2
37 1
38 1
37 2
38 2
41 1
42 1
41 2
42 2
45 1
46 1
45 2
46 2
49 1
50 1
49 2
50 2
53 1
54 1
53 2
54 2
57 1
58 1
57 2
58 2
61 1
62 1
61 2
62 2
65 1
66 1
65 2
66 2
69 1
70 1
69 2
70 2
73 1
74 1
73 2
74 2
77 1
78 1
77 2
78 2
1 5
2 5
1 6
2 6
5 5
6 5
5 6
6 6
1 9
2 9
1 10
2 10
5 9
6 9
5 10
6 10
1 13
2 13
1 14
2 14
5 13
6 13
5 14
6 14
1 17
2 17
1 18
2 18
5 17
6 17
5 18
6 18
1 21
2 21
1 22
2 22
5 21
6 21
5 22
6 22
1 25
2 25
1 26
2 26
5 25
6 25
5 26
6 26
1 29
2 29
1 30
2 30
5 29
6 29
5 30
6 30
1 33
2 33
1 34
2 34
5 33
6 33
5 34
6 34
1 37
2 37
1 38
2 38
5 37
6 37
5 38
6 38
1 41
2 41
1 42
2 42
5 41
6 41
5 42
6 42
1 45
2 45
1 46
2 46
5 45
6 45
5 46
6 46
1 49
2 49
1 50
2 50
5 49
6 49
5 50
6 50
1 53
2 53
1 54
2 54
5 53
6 53
5 54
6 54
1 57
2 57
1 58
2 58
5 57
6 57
5 58
6 58
1 61
2 61
1 62
2 62
5 61
6 61
5 62
6 62
1 65
2 65
1 66
2 66
5 65
6 65
5 66
6 66
1 69
2 69
1 70
2 70
5 69
6 69
5 70
6 70
1 73
2 73
1 74
2 74
5 73
6 73
5 74
6 74
1 77
2 77
1 78
2 78
5 77
6 77
5 78
6 78
