20 200
1 19
15 19
18 20
19 11
12 10
16 10
5 13
14 4
4 18
19 7
17 5
10 16
11 17
3 7
5 9
6 4
15 15
1 7
7 7
1 5
1 1
12 6
10 18
20 8
5 1
13 17
3 1
19 9
2 8
5 3
19 1
12 8
16 2
7 17
14 20
12 14
10 20
2 18
3 9
13 3
7 15
12 2
9 15
18 6
1 15
1 17
4 20
8 18
19 19
2 2
15 9
4 8
17 11
8 4
5 19
4 4
12 20
12 18
19 3
12 16
9 7
17 19
12 4
16 12
14 8
10 6
20 16
16 8
2 6
16 20
1 11
11 13
20 20
18 18
16 18
14 12
20 2
17 7
9 17
8 16
5 11
11 19
2 12
20 10
4 14
11 9
17 17
10 2
1 3
17 1
13 5
11 7
9 5
9 13
5 17
7 9
4 2
16 16
7 1
14 14
8 10
17 6
19 14
8 5
9 6
3 16
15 16
12 15
12 7
10 11
2 9
6 7
9 18
8 11
17 18
3 20
2 17
4 3
15 4
12 13
13 10
11 2
1 10
13 12
14 13
20 19
7 20
15 12
3 2
14 15
1 6
8 3
6 11
4 17
14 9
11 6
9 12
4 11
14 11
12 5
17 10
2 19
4 9
5 16
10 9
16 9
9 4
3 4
19 20
19 6
14 3
2 7
19 18
19 12
1 14
10 19
20 17
16 11
18 9
7 12
20 1
2 5
13 2
18 19
16 13
6 3
8 15
8 17
4 15
16 1
6 17
16 15
11 10
19 16
7 8
11 8
5 4
18 7
6 15
9 2
3 10
4 1
6 5
17 8
20 7
11 14
11 12
12 3
12 11
10 5
1 16
6 13
3 6
10 13
18 15
5 8
14 7
20 11
14 19
18 17
