28 276
9 13
16 14
12 28
10 28
20 28
27 27
10 22
20 16
14 16
14 18
25 19
23 15
7 11
16 28
17 17
16 10
21 13
14 14
21 15
26 24
14 6
21 23
16 18
11 19
18 20
11 3
17 13
14 26
25 11
8 12
9 23
27 3
10 26
17 15
23 23
9 19
23 11
24 18
13 7
21 5
13 27
9 9
8 28
23 13
26 20
28 12
18 4
20 24
14 12
28 24
25 5
24 10
24 8
11 21
24 24
22 20
8 22
24 12
23 3
26 18
20 12
25 21
10 8
15 23
19 27
15 27
23 27
19 9
19 19
23 9
10 18
16 26
11 25
25 9
9 15
8 26
9 3
9 17
21 3
24 14
12 24
8 8
15 21
7 5
15 25
13 21
24 6
26 16
16 8
16 24
13 5
7 17
18 16
14 22
18 12
23 17
19 23
26 14
10 20
21 21
27 10
26 17
28 23
24 27
21 18
25 26
8 7
18 5
15 16
25 28
16 27
16 13
28 5
22 5
13 18
21 10
15 18
10 5
10 15
8 17
9 22
12 13
21 22
13 8
22 19
14 5
18 21
21 16
20 5
17 12
15 6
9 12
20 21
11 28
25 22
21 20
17 10
16 17
20 25
17 14
26 23
8 13
9 16
7 14
16 9
15 14
18 7
16 11
26 19
10 3
23 10
27 24
11 16
27 22
15 20
24 15
27 6
7 4
24 7
16 7
11 4
14 3
20 19
14 25
27 18
15 4
25 18
14 13
14 17
7 10
25 6
9 8
23 18
24 25
11 18
21 14
13 14
24 23
28 25
27 28
13 16
7 26
7 8
15 12
23 20
23 28
9 26
14 7
27 4
9 24
26 3
12 23
17 24
20 27
15 8
23 22
11 10
18 15
11 20
15 24
1 1
2 1
1 2
2 2
5 1
6 1
5 2
6 2
9 1
10 1
9 2
10 2
13 1
14 1
13 2
14 2
17 1
18 1
17 2
18 2
21 1
22 1
21 2
22 2
25 1
26 1
25 2
26 2
1 5
2 5
1 6
2 6
5 5
6 5
5 6
6 6
1 9
2 9
1 10
2 10
5 9
6 9
5 10
6 10
1 13
2 13
1 14
2 14
5 13
6 13
5 14
6 14
1 17
2 17
1 18
2 18
5 17
6 17
5 18
6 18
1 21
2 21
1 22
2 22
5 21
6 21
5 22
6 22
1 25
2 25
1 26
2 26
5 25
6 25
5 26
6 26
