40 913
8 34
35 39
25 33
19 27
17 13
32 10
15 21
19 39
30 30
11 31
24 14
33 23
26 36
29 9
36 28
14 16
14 28
12 40
16 8
31 29
40 18
16 16
24 34
7 15
25 23
17 39
37 15
9 15
36 18
18 30
29 3
23 37
23 29
17 15
27 21
22 8
7 37
26 14
33 19
40 32
27 17
29 39
14 6
24 40
28 32
25 25
13 3
36 40
14 8
33 7
18 8
30 4
37 39
7 23
33 33
36 14
17 7
31 23
15 17
30 40
37 7
40 8
39 33
26 24
32 24
40 40
39 23
18 34
40 12
12 20
8 36
31 27
26 30
12 4
25 7
20 18
8 14
19 15
38 40
11 5
33 37
31 17
31 15
10 20
20 36
29 15
34 38
37 19
13 9
37 37
37 17
29 5
16 20
38 10
20 26
24 32
8 4
9 35
39 19
25 17
9 33
10 28
23 23
38 12
9 25
9 23
9 29
21 13
17 23
22 30
40 34
7 19
29 21
27 9
32 8
31 33
23 3
37 23
34 26
13 23
29 35
26 34
36 4
15 13
28 26
27 27
10 34
14 32
25 13
38 22
8 6
12 16
23 31
18 22
24 16
24 26
15 25
11 35
21 5
35 3
10 40
38 32
20 4
20 34
32 26
40 38
35 31
40 26
30 38
28 36
28 34
19 37
34 18
8 30
20 32
24 6
32 4
16 18
20 20
33 31
27 19
9 19
14 18
19 11
7 27
16 26
11 7
22 6
25 5
12 14
10 4
11 21
22 16
22 18
26 4
14 12
31 13
38 4
12 26
37 25
15 29
14 4
30 10
17 21
25 11
16 22
21 33
7 33
40 6
21 11
23 27
34 24
30 36
7 7
15 19
15 31
8 24
21 27
34 36
13 37
22 38
36 6
18 14
23 13
38 30
19 3
10 36
22 24
28 16
12 18
15 33
12 36
7 29
39 17
17 9
30 16
14 36
25 31
37 29
33 3
32 34
7 3
26 16
15 9
15 7
9 27
31 31
32 12
39 13
35 19
38 6
19 5
20 16
18 36
37 3
29 31
15 23
21 39
22 28
39 7
28 24
30 18
33 27
19 7
14 14
30 20
8 40
14 22
34 6
19 17
17 27
15 3
40 28
39 9
15 5
11 29
17 19
32 20
34 16
30 26
14 40
10 6
9 3
14 30
25 39
28 20
34 12
16 34
7 17
33 29
27 35
35 29
17 11
33 17
18 32
29 33
25 29
35 25
38 34
34 4
9 39
29 23
35 33
17 5
23 21
21 37
21 25
32 14
39 11
11 13
28 18
10 30
36 8
13 21
39 25
33 13
9 7
21 35
35 35
31 19
40 20
24 12
10 8
14 34
37 35
23 33
30 14
13 17
21 19
21 3
7 31
8 28
20 6
13 7
31 25
7 9
26 38
27 39
17 37
11 17
9 13
20 28
23 9
27 37
22 26
18 4
8 16
33 9
16 32
20 12
38 8
26 6
34 20
32 40
20 24
18 40
36 38
33 39
23 39
18 18
8 22
13 39
35 37
26 26
37 27
28 38
33 25
35 9
38 16
19 31
22 36
10 22
13 15
18 10
36 34
34 40
37 5
12 10
32 32
13 29
26 32
21 23
15 15
39 15
29 27
28 30
29 7
20 8
16 40
18 6
27 11
26 18
30 8
20 40
31 11
20 38
22 4
30 12
12 38
18 26
25 27
15 39
31 7
28 10
36 24
36 26
36 20
35 5
10 10
24 18
32 16
16 28
11 11
15 27
21 21
29 29
7 39
11 15
25 15
13 13
36 35
36 13
33 34
20 21
9 12
37 38
33 38
32 39
40 39
16 15
14 19
38 19
39 6
22 7
26 35
19 24
15 28
12 35
23 12
11 36
10 3
26 29
28 19
28 35
25 34
14 27
36 3
38 3
25 10
36 33
9 38
31 34
8 17
18 35
13 22
17 34
22 17
10 31
9 16
25 22
24 21
34 35
21 10
38 7
16 19
26 11
25 4
25 26
29 32
35 12
12 3
30 15
38 15
18 15
28 17
22 33
10 21
12 37
15 4
36 17
17 28
9 36
23 26
28 29
39 12
13 12
21 8
21 36
30 17
29 28
28 39
21 14
26 3
21 28
15 14
28 27
23 10
16 3
16 21
9 20
39 36
18 17
22 21
13 16
24 13
33 12
40 33
27 4
20 27
9 6
20 31
14 37
16 27
37 24
21 6
35 14
25 20
32 19
21 4
15 10
20 11
15 30
25 12
28 5
33 16
34 3
36 9
32 13
27 12
22 25
15 38
10 23
29 34
11 40
38 25
33 36
28 21
9 24
32 25
37 16
12 7
20 35
8 3
17 10
11 34
19 30
13 8
32 33
7 38
20 5
8 39
23 18
16 13
23 30
15 36
30 9
39 10
39 40
18 9
11 32
23 22
12 25
35 4
38 37
18 11
37 34
24 3
29 14
17 18
12 27
24 19
36 31
28 31
33 22
29 24
33 14
14 39
29 6
34 27
24 33
15 24
34 13
30 11
27 6
19 6
28 23
31 22
20 19
34 21
11 24
8 11
12 17
35 40
30 31
24 9
18 31
13 24
25 40
14 11
32 5
16 31
27 18
40 17
20 9
7 6
29 20
13 18
32 15
29 12
33 8
31 36
7 4
26 19
23 14
39 26
37 20
11 12
18 21
15 20
22 9
13 4
7 20
28 13
20 37
21 18
13 30
23 38
26 17
30 39
19 26
35 20
30 7
29 18
34 39
20 15
40 21
31 10
34 17
27 20
33 28
28 37
12 39
14 5
14 31
12 31
31 6
19 36
35 18
7 36
14 17
27 24
13 20
37 22
35 38
39 38
25 28
9 34
18 33
40 19
25 30
31 4
19 38
36 11
22 19
20 3
17 4
10 5
24 11
30 19
7 40
25 18
8 13
11 4
16 11
27 36
37 10
32 17
32 3
12 5
34 25
25 24
18 3
23 8
22 31
16 5
38 23
32 27
32 7
11 8
24 27
21 12
31 26
17 22
14 15
36 29
27 10
7 32
12 21
30 29
40 29
19 20
14 25
40 9
12 13
27 32
9 4
10 15
18 25
21 34
21 40
38 5
27 16
24 5
17 32
19 12
33 30
17 12
15 32
10 13
25 6
15 26
33 24
10 9
21 26
11 22
38 17
31 32
35 16
11 20
9 30
11 16
34 11
30 37
19 18
8 21
7 22
21 32
13 34
24 15
7 12
7 18
8 33
15 34
39 20
39 34
11 6
22 3
32 31
21 20
36 39
35 8
18 27
26 39
26 37
39 18
28 33
19 14
18 7
39 24
33 32
15 18
11 30
39 16
26 7
7 14
23 40
13 32
36 21
40 27
11 26
28 15
23 16
15 16
34 7
24 37
33 40
8 35
16 39
26 9
24 31
26 33
19 28
7 34
7 8
28 7
13 38
34 19
22 35
35 30
21 22
14 7
11 10
30 5
10 25
40 31
22 37
12 11
30 3
31 24
35 28
20 39
39 22
8 29
38 9
16 29
29 8
28 25
32 21
19 8
10 29
38 21
9 18
27 34
15 22
26 27
34 31
39 32
23 34
26 21
10 27
34 23
1 1
2 1
1 2
2 2
5 1
6 1
5 2
6 2
9 1
10 1
9 2
10 2
13 1
14 1
13 2
14 2
17 1
18 1
17 2
18 2
21 1
22 1
21 2
22 2
25 1
26 1
25 2
26 2
29 1
30 1
29 2
30 2
33 1
34 1
33 2
34 2
37 1
38 1
37 2
38 2
1 5
2 5
1 6
2 6
5 5
6 5
5 6
6 6
1 9
2 9
1 10
2 10
5 9
6 9
5 10
6 10
1 13
2 13
1 14
2 14
5 13
6 13
5 14
6 14
1 17
2 17
1 18
2 18
5 17
6 17
5 18
6 18
1 21
2 21
1 22
2 22
5 21
6 21
5 22
6 22
1 25
2 25
1 26
2 26
5 25
6 25
5 26
6 26
1 29
2 29
1 30
2 30
5 29
6 29
5 30
6 30
1 33
2 33
1 34
2 34
5 33
6 33
5 34
6 34
1 37
2 37
1 38
2 38
5 37
6 37
5 38
6 38
