15
17 92 53 83 79 24 78 73 99 99 13 34 57 15 80 
82 26 68 32 31 31 34 58 27 36 63 59 10 16 93 
25 3 47 13 16 59 74 63 63 11 39 56 42 30 40 
93 16 34 88 16 74 67 24 84 59 4 51 42 43 97 
91 9 73 90 64 47 31 25 50 96 87 9 55 71 39 
90 62 32 18 89 41 68 17 8 25 68 77 86 41 83 
54 19 93 50 91 59 98 100 20 36 78 97 72 61 90 
40 87 25 62 88 39 10 22 52 2 11 54 79 55 80 
55 74 84 13 70 79 72 98 9 37 30 80 68 65 60 
40 93 11 82 91 65 93 78 41 74 9 95 91 85 9 
32 35 37 27 30 78 53 94 91 75 87 86 89 78 49 
87 49 8 71 64 52 73 71 19 26 43 35 41 10 12 
68 30 3 54 63 86 91 87 16 73 52 11 82 95 98 
25 28 25 59 16 30 67 2 55 27 50 61 63 74 17 
66 27 64 58 45 62 32 46 71 39 12 10 79 78 11 

