45
71 43 7 82 58 46 45 39 78 78 46 99 13 62 8 17 88 97 81 5 33 19 1 31 96 41 7 83 16 78 98 48 5 66 54 75 4 86 50 49 94 69 78 10 17 
72 60 99 51 79 50 84 90 45 22 62 23 82 24 27 74 34 94 23 75 61 76 43 45 37 14 27 19 70 75 48 35 15 85 84 58 37 19 33 77 91 22 57 77 82 
75 22 37 78 54 17 5 1 98 96 50 16 44 63 7 85 53 27 85 11 3 1 93 88 16 57 8 89 44 14 21 76 60 90 14 64 15 38 35 41 12 43 97 38 81 
63 57 7 66 77 25 49 69 48 29 96 57 62 90 70 10 12 67 44 78 77 11 12 65 10 1 94 98 80 36 20 21 68 97 44 92 59 55 76 100 34 88 43 25 45 
44 2 86 63 19 55 22 24 10 9 71 64 92 47 75 35 17 41 7 66 40 91 76 26 73 53 84 47 56 36 1 26 92 18 52 26 2 92 20 63 34 75 82 42 47 
17 52 24 35 89 60 93 88 52 25 92 17 99 25 83 4 61 97 84 28 85 38 39 95 27 27 18 7 71 54 27 30 59 40 95 55 17 76 53 67 64 77 58 65 39 
6 46 20 82 21 97 55 8 82 12 69 13 28 41 26 16 31 46 65 21 13 47 78 76 78 26 56 34 30 24 35 28 56 20 88 91 40 28 9 90 9 99 11 90 7 
12 29 71 100 100 92 36 73 78 45 55 87 40 55 95 84 46 50 26 90 89 45 93 90 73 66 35 18 98 38 13 76 95 86 27 94 70 40 47 48 79 7 42 51 99 
21 30 69 8 71 62 61 25 13 48 41 79 14 20 94 14 11 54 46 26 16 45 60 6 96 27 8 29 75 95 22 75 100 68 75 50 92 95 81 36 6 27 47 64 38 
13 33 64 27 74 22 89 31 88 63 41 100 51 43 70 48 68 35 60 26 60 86 75 91 18 62 74 95 58 5 58 60 89 42 74 57 48 7 68 59 16 11 15 16 60 
77 100 15 93 75 49 86 10 60 81 71 98 3 62 32 82 70 99 54 96 43 41 73 69 70 66 93 94 56 13 60 5 32 17 46 21 37 44 60 3 43 83 16 64 85 
78 66 58 24 37 15 39 73 9 59 80 43 89 67 54 37 89 73 86 22 39 47 20 30 99 12 74 83 96 10 11 32 96 95 39 21 21 88 29 51 70 63 13 50 60 
55 58 67 80 81 60 31 39 96 79 46 4 63 12 86 94 82 11 83 10 9 80 69 32 55 15 3 48 46 81 50 30 100 41 10 30 38 30 69 30 8 66 53 57 24 
20 62 39 94 61 59 82 55 2 45 64 98 8 42 51 67 12 32 16 19 72 9 90 11 21 10 2 3 75 2 36 26 27 44 61 48 33 60 21 97 64 93 46 80 20 
92 91 62 93 12 83 98 21 53 94 65 40 27 80 14 5 58 91 23 4 99 70 15 22 29 80 24 18 45 66 25 72 88 27 3 20 41 29 99 88 10 45 14 80 87 
84 68 21 97 23 23 40 60 51 11 72 27 17 10 65 36 36 69 75 15 61 2 78 64 47 52 76 99 91 64 80 92 86 68 57 78 100 24 17 51 100 89 51 30 1 
57 24 64 92 53 50 5 32 8 2 53 50 27 93 85 23 69 72 99 54 96 81 2 2 12 58 32 50 99 33 57 44 52 64 54 2 55 80 37 27 43 44 51 48 72 
80 76 7 83 29 3 16 92 96 25 85 62 77 54 51 39 55 73 38 99 72 69 22 25 86 32 76 33 46 23 74 25 72 96 21 74 51 26 59 14 70 42 53 34 70 
34 56 12 27 94 75 34 85 55 32 86 87 30 45 49 89 41 24 43 18 84 83 32 85 89 97 84 8 98 78 80 50 24 37 50 25 16 99 10 94 37 79 30 40 82 
52 20 19 60 50 55 53 89 23 39 91 72 1 32 85 21 44 8 16 67 58 1 91 78 62 65 3 90 29 90 64 89 51 28 23 82 95 16 26 10 10 97 58 58 2 
96 70 15 83 47 84 36 46 14 40 37 51 65 37 31 76 72 51 63 75 15 78 24 69 34 80 92 92 64 13 56 94 16 74 67 59 79 87 2 87 44 42 56 36 25 
76 36 78 18 94 64 32 76 75 9 71 9 27 95 26 19 12 70 55 34 38 6 91 10 45 39 56 47 17 89 100 22 74 5 13 79 20 27 42 91 23 19 85 94 48 
87 10 95 88 43 35 35 1 79 33 35 57 9 29 23 9 30 54 82 82 77 51 67 50 9 29 68 53 3 66 68 91 59 53 18 29 72 32 44 11 83 47 71 47 41 
29 72 3 19 72 23 21 17 62 50 83 41 29 35 42 37 92 55 70 4 7 62 70 21 43 52 81 54 11 52 84 62 18 74 79 14 52 19 9 20 35 85 48 5 26 
5 53 96 93 15 36 38 32 30 67 85 89 63 86 48 75 8 87 93 38 74 56 49 12 64 10 16 54 46 72 27 36 81 2 21 3 16 38 20 68 78 97 22 48 13 
75 96 97 86 37 54 70 23 14 76 46 74 71 90 64 35 19 11 95 59 86 7 72 26 34 55 54 14 47 53 97 79 31 79 15 90 85 64 79 45 46 57 51 51 24 
65 67 71 26 82 7 19 24 24 81 22 4 99 84 7 26 65 36 12 3 61 74 44 7 37 55 36 67 2 4 24 22 91 92 35 21 4 23 61 81 66 39 23 39 15 
57 39 25 72 53 59 38 45 94 64 68 10 55 64 34 67 95 10 1 46 63 81 74 61 37 14 44 58 8 13 91 21 44 92 56 51 68 18 57 20 43 51 39 98 91 
70 70 90 81 12 43 43 55 43 52 49 16 88 46 23 17 84 53 38 63 61 16 81 25 89 43 58 21 96 53 67 67 29 96 21 6 86 54 89 50 83 24 3 39 53 
78 78 14 100 48 45 8 2 49 68 27 2 52 70 84 11 86 22 80 61 71 57 78 84 22 54 43 43 64 51 28 68 12 75 11 34 33 96 49 88 54 10 40 67 69 
17 20 100 36 23 51 86 87 45 93 3 54 7 62 67 8 91 77 77 1 93 12 20 67 56 60 13 7 11 51 66 21 43 65 51 21 65 35 96 69 7 46 6 71 47 
22 37 27 73 95 45 20 41 77 76 79 76 98 35 13 1 71 17 93 3 31 9 73 45 39 92 16 12 51 72 48 99 73 71 29 62 31 35 26 27 66 89 64 82 64 
25 51 38 82 76 76 67 5 9 3 79 63 80 17 51 91 99 45 91 13 67 23 61 7 50 98 23 22 76 14 48 56 79 57 14 78 37 62 84 17 7 19 54 35 98 
7 18 58 15 7 11 12 51 17 31 60 60 61 56 55 3 98 66 99 81 16 47 89 37 80 49 70 79 38 51 10 33 47 26 59 62 25 42 88 66 89 8 30 89 26 
63 100 4 8 37 45 40 68 91 65 81 58 36 79 57 64 22 2 66 36 67 40 10 12 73 23 81 49 40 77 79 58 35 12 82 46 41 98 15 64 55 19 12 87 42 
74 30 51 2 13 91 6 48 23 13 63 43 63 82 77 22 57 96 100 30 13 85 15 10 34 89 76 22 24 50 31 31 49 40 38 100 13 6 58 22 41 17 30 98 37 
83 52 35 46 58 84 38 49 25 44 19 9 36 61 65 74 11 19 86 85 53 46 52 24 78 96 21 35 54 6 12 77 79 55 35 23 43 59 43 89 94 35 25 15 16 
58 24 62 96 86 76 67 24 53 94 64 47 19 56 23 78 47 85 31 98 1 89 46 82 24 59 30 49 64 28 95 75 28 62 68 64 97 9 89 93 15 17 11 61 31 
56 98 34 48 23 15 72 6 86 18 28 32 32 94 25 94 16 95 23 14 85 4 86 51 76 24 57 75 22 30 68 4 29 60 19 97 16 33 9 23 90 75 87 86 2 
34 22 1 84 74 83 72 82 34 40 48 46 84 38 29 92 21 61 80 27 61 88 95 96 49 58 67 40 8 61 35 11 86 48 58 9 63 3 87 80 90 42 61 43 93 
38 54 21 4 66 28 81 17 49 61 85 87 98 27 33 43 97 50 61 58 55 40 46 76 19 83 5 20 74 90 58 87 92 49 54 91 85 90 75 60 98 35 5 95 85 
90 41 50 71 55 49 6 60 84 68 95 55 74 74 75 98 6 40 70 84 23 78 94 90 10 39 66 92 42 41 88 15 8 11 78 79 55 6 50 86 37 63 13 96 27 
71 61 4 81 13 30 19 79 67 9 87 62 43 83 2 18 8 28 52 42 12 52 2 41 93 38 65 8 91 75 41 23 39 4 70 23 84 59 55 30 98 60 93 93 76 
39 59 90 47 14 1 44 88 98 82 22 34 74 29 72 63 87 13 97 27 2 96 6 39 96 18 75 75 71 33 13 42 98 50 34 38 33 5 8 67 93 49 21 81 26 
54 81 72 46 27 62 71 65 28 71 43 23 7 2 1 13 94 66 88 75 44 75 85 62 12 25 88 25 50 51 49 45 52 76 25 12 16 28 10 11 19 28 7 23 50 

