26 31
3 1
4 2 4 6 7 12 15 19 21 23 26
10 3 4 5 6
6 2 6 11 13
6 3 8 9 13 16 18 20 25
3 4 5 10 11
1 5
6 5 8 11 12 13 18 22 25 27 31
5 1
9 2 7 11 15 17 22 27 29
10 2 7 11 16 17
10 2 3 8 12 15 17 21 22 25
2 3 6 11 14 19 22 27 29
6 5 9 11 13 16 19 24 29
6 3 4
1 4 7 9 14 17
2 2 4 7 10 12
2 5 9 13
2 5 8 10 14 18 20 25 29 31
6 5 7 9 13 18 23 26
3 4
9 1 5 10 15 19 20 24 27 30
8 2 4 6 8
6 5
4 1 5 6 9 14 19 22 26 31
4 4 9 13 14 19 22 23 27
3 4 8 4 1 7 2 6 7 4 10 7 8 6 3 10 6 8 8 6 1 10 5 10 3 7 9 6 4 4 10

