24 45
5 2 4 7 8 13 15 20 25
6 3
9 2 6 9 10 13 14 16 21 24 25
10 1 4 9 11 13 16
7 2 4 6 11 12 17 22 25 26 28
5 4
10 5
5 3 6 11 12 13 17
3 4
2 3 5 8 9 11
3 2 5 10
10 5 10 11 15 20 22 27 28 29 31
3 3 5 10 11 16 19 21 22
4 5 6 11 12 13 18 23
9 4 9 13 17 19
8 4 7 12 15 19 23 25 28
10 2 6 7 10 13 16 18
10 1 5
7 4 6
2 2 7 11 16
6 1 2 6 9 10 12 15 20 24
2 3 8 13 15 17 22
6 5 8 9 13 15 17 19 22 24
7 2 5 10 13 14 17
9 6 1 8 7 4 3 7 1 1 10 10 8 9 6 10 10 2 7 3 8 8 10 4 7 8 5 3 5 9 10 6 5 1 3 3 4 2 9 4 6 9 10 9 2

