39 47
1 4 9 10 15 20 22
9 4 6 7 8
9 5 9 14 19 23 27 31 33 36
4 4 9 11 13 16 20 23
5 2 4 7 8
9 1 2 6
7 1 6 7 12 16 21
9 4 8 11 16 20 23
7 5
2 2 5 7 8 9 13 15 20 24
4 2 5
10 3 7 10 15 16 18 22
8 1 4 6 8 11 12 13 16 21
1 2 6 9 10 15 19
9 1 5 9 12 16 18
4 5 7 10
4 2 3 8 10 12
6 3 6 9 11 14 17 20 25 29 32
4 1 3 4
10 1
10 5 8 11 14 15 19 22 27
2 5 6 9
3 4 9 11 12 14 18
10 5
10 2 4
7 1 4 9 13 18 22 26 31 34 36
8 4 8
5 3 7
4 4 6 11 16 20 25
8 4 7 10 12
7 3 8 12 15
8 2 4
6 2 6 9
3 2 6
6 3 6 11 14 19 20 25 27 30 33
1 1 5
6 3 6 11 16 17 20 23 25 30 35
10 1 5 9 10
6 4 8 11 12 14 18 23 28
7 1 1 10 2 8 2 7 1 1 3 10 8 2 1 10 8 2 2 6 4 7 5 10 9 6 4 2 2 1 5 4 1 9 10 7 3 6 8 4 5 2 4 9 9 6 4

