46 42
11 5 9
7 2 3 5 9 12 16 17 22
14 4 6 11 14 17 21 24 25 28 33
11 3 5 7 11 15 20 22 24 28
3 2 4 8 9 11 12
16 1 2 3 6 10 14 16 20 25 27
16 1 2 5 10 11 15 19 22 25 26
16 2 6 9 14 15 17
19 2 4 6 11 14 19 23 27 30 34
10 1 6 11 14 18 23 24 25 29 32
10 2 6 7 9 10
8 4 8 10 12 13 14 17 20 25 27
8 5 8
13 1 3 7 11 14 19 24 25 27 31
5 4 8 9 14 18 21 22 24 26 30
7 2 3 7 11 12 15 19
3 4 9 13 18 21 24 29 34 39 42
19 5 9 10 13 15 17 20 22 27
13 4
3 5 8 9 14 17 19 24 26 27 32
4 2 7 9 14 16 18 23 24 27 29
2 3 6 7 12 16 17 22 26 27 31
10 5 8 12 13 18 23 24 25 30 35
12 5 6 8 11 13 15 17 19 20 22
3 3 4 5 9 12 13 15 17 20 21
12 2 6 7 8 9 10 15 18 23 25
8 3 7 9 14 17 21 26 29 30 31
12 5 8 13 18
8 4 9 12
9 3 6 7 11 16 20
5 3 5 8 10 12 14 16
19 2 4 6 8 10
8 5 10 12 14 19 23 24 29 32 34
5 3 8
1 2 3 6 11 14 15 19 20 23 26
10 3 6 7 12 14 19 22 25 29 31
15 4 6 8 9 12 16 21 26 30 34
15 5 9 12 16 20 25 26 29 33 35
2 1 4 5 6 7 10 12 13 18 19
11 2 7 9 13 17 22 26 30 35 40
4 3 6 7
8 5 9 14 15 16 20 22 25 27 29
5 1 6 11 14 18 23 26 30 33 38
15 4 9 14 16 17 21 22 27 28 30
1 4 8 13 15 17 21 26 31 34 39
13 5 10 12 14 18 21 24 28 32 37
3 9 2 10 7 10 10 8 7 9 5 8 9 7 1 7 8 10 6 9 9 5 9 5 2 1 7 10 8 8 2 7 2 8 10 10 9 9 8 3 2 6

