60 3
336 113 576 736 641 769 417 80 834 659 335 696 341 298 792 549 866 7 443 969 194 184 544 805 167 808 248 763 544 22 624 329 765 93 37 748 335 686 966 874 253 191 308 69 198 418 682 264 409 742 236 220 94 278 810 936 355 899 753 562 
349 266 28255 
75 93 17 
25 36 30 
47 42 27 
31 43 98 
88 97 24 
64 49 90 
38 96 99 
42 71 17 
33 22 13 
35 43 97 
36 46 60 
69 18 23 
28 37 55 
47 95 97 
96 1 61 
63 100 22 
54 57 14 
32 99 26 
32 2 50 
16 73 93 
58 39 32 
86 17 43 
8 33 41 
81 75 82 
66 78 21 
53 9 44 
86 95 5 
88 35 29 
26 19 25 
26 50 14 
88 33 80 
88 73 19 
55 95 34 
25 50 13 
2 72 77 
3 96 66 
86 67 57 
89 61 6 
45 50 86 
5 46 43 
1 27 77 
5 27 91 
24 31 27 
44 41 80 
11 61 66 
35 58 35 
14 28 62 
84 54 34 
55 88 39 
62 62 58 
14 70 39 
40 74 2 
57 93 97 
60 76 6 
73 59 12 
74 89 80 
19 2 51 
39 60 92 
9 11 25 
92 58 13 

