30 28
108 103 303 245 653 239 537 529 70 859 740 903 277 871 596 325 400 568 432 885 914 908 262 897 455 328 735 389 927 368 
346 438 652 785 642 37 804 118 263 68 894 916 213 877 964 383 967 869 380 168 177 731 246 61 728 904 470 1725 
37 74 87 77 16 61 19 1 99 82 24 79 10 21 38 2 3 4 82 94 29 53 15 23 8 53 9 95 
50 94 5 82 79 70 46 69 68 8 20 56 18 63 6 64 50 58 90 24 11 34 8 97 77 58 100 88 
72 87 44 58 17 88 68 49 65 55 84 93 39 29 67 98 98 28 5 60 62 90 18 11 84 17 57 47 
20 32 87 44 91 89 96 31 68 84 99 97 3 7 14 52 4 11 48 34 40 44 21 72 7 100 22 38 
16 23 49 73 6 35 76 78 74 42 82 62 25 91 55 78 88 32 31 58 25 53 51 80 36 9 54 86 
97 90 19 2 44 86 9 38 3 39 32 74 72 24 25 65 50 61 42 27 56 19 54 60 8 97 13 41 
49 81 85 54 51 94 12 18 64 95 99 35 90 56 1 97 87 1 85 91 23 54 30 36 33 97 26 33 
73 57 24 8 1 70 56 23 6 66 65 15 67 70 25 27 96 74 25 27 24 71 94 89 6 73 38 46 
9 72 80 26 53 62 34 53 9 90 85 45 50 28 58 40 78 55 58 14 61 57 55 59 23 20 93 45 
37 32 83 44 9 57 29 86 64 17 46 2 24 71 67 41 70 13 31 25 17 55 46 25 72 81 79 13 
43 29 20 47 100 22 59 39 80 80 18 98 98 28 20 92 28 39 62 26 51 69 13 59 99 60 5 95 
30 61 97 54 81 71 61 50 33 71 88 58 39 37 2 9 94 88 37 89 98 51 3 29 77 45 46 41 
73 58 27 25 47 91 2 5 97 44 35 70 78 50 12 13 34 76 41 39 13 93 31 100 73 47 64 1 
55 3 8 56 47 71 73 51 54 38 41 98 14 5 70 72 68 85 29 29 73 77 99 37 83 15 60 86 
59 3 59 99 2 80 54 7 32 34 42 71 24 45 45 54 49 10 58 71 70 62 95 22 59 7 44 31 
24 74 71 30 86 15 99 82 50 64 65 19 29 15 10 59 13 5 77 81 18 35 72 32 77 87 16 18 
65 68 21 32 59 22 32 25 22 7 12 42 75 70 43 63 42 6 13 87 88 79 78 66 37 12 55 78 
89 34 90 4 23 75 41 68 68 3 32 58 64 95 55 4 32 4 46 95 34 58 43 62 66 37 85 49 
77 9 15 2 86 96 35 73 96 83 56 96 73 21 85 90 64 87 26 95 30 41 25 56 67 21 81 20 
11 100 55 59 83 77 40 35 63 66 25 80 9 30 22 71 4 63 21 40 82 19 99 48 20 29 76 70 
30 57 90 6 27 57 63 31 90 70 18 69 97 86 91 22 90 46 71 49 86 95 31 44 69 19 81 54 
100 31 91 52 86 36 66 27 9 42 77 34 99 23 46 37 72 73 82 21 54 33 32 95 74 92 27 83 
7 6 88 82 80 21 14 58 45 12 81 28 22 96 85 71 74 71 26 39 95 15 4 45 86 69 16 37 
46 61 5 32 37 94 72 59 88 41 50 37 96 2 75 52 85 79 31 43 7 8 28 33 47 16 55 17 
38 67 30 30 95 68 26 12 78 57 57 53 98 17 18 84 15 11 29 80 59 47 80 29 25 17 63 58 
23 88 82 73 85 36 61 74 24 7 25 94 28 93 12 1 24 79 62 79 81 9 97 55 24 76 87 25 
49 81 79 15 65 15 93 70 100 70 30 34 79 59 37 67 60 24 32 99 70 69 50 87 63 57 33 29 
36 45 92 16 63 33 69 70 99 60 12 83 59 26 58 73 29 9 85 70 73 3 93 17 14 5 2 92 
69 39 72 47 98 48 63 65 50 6 87 63 90 33 24 36 26 84 86 92 82 51 6 68 32 39 43 98 
82 44 99 96 94 35 10 97 27 80 16 25 51 22 71 29 61 41 99 75 32 92 77 54 93 58 69 32 
