100 5
79 767 491 932 889 620 582 347 940 724 503 372 368 900 970 146 259 891 948 113 82 860 321 822 790 964 149 705 255 795 916 325 258 322 330 445 2 961 746 174 647 805 327 836 880 507 244 222 2 415 652 489 814 475 17 861 236 849 797 546 594 767 601 576 811 989 785 625 607 575 396 47 30 939 749 429 540 610 155 278 851 631 216 656 595 496 11 886 522 895 174 184 324 503 959 123 809 503 559 96 
258 592 436 814 51680 
59 19 38 18 85 
69 90 1 13 90 
41 81 59 28 97 
40 90 4 62 1 
40 65 38 42 12 
57 29 17 88 59 
22 56 75 39 32 
24 97 69 22 46 
43 37 20 40 85 
23 21 2 94 16 
5 25 100 7 81 
29 97 54 1 61 
29 73 49 99 65 
97 58 16 61 52 
33 29 4 42 83 
52 20 24 15 84 
40 69 53 4 69 
94 87 49 12 54 
44 70 5 65 96 
81 48 56 46 19 
53 5 24 25 84 
31 64 36 62 48 
35 26 94 56 90 
25 74 18 73 72 
83 70 66 1 95 
47 42 52 45 13 
1 45 37 57 47 
36 19 28 48 54 
6 35 64 51 6 
44 79 14 11 54 
2 60 9 5 58 
56 99 11 45 51 
90 30 50 6 29 
98 57 56 70 28 
94 49 24 96 23 
13 87 62 1 10 
57 98 19 39 94 
72 53 16 37 3 
74 45 77 70 59 
30 34 64 71 70 
80 56 84 96 16 
75 88 63 58 77 
80 60 46 94 80 
55 46 82 38 93 
85 52 25 96 85 
3 41 17 50 73 
37 23 25 6 36 
29 39 89 35 100 
9 17 91 50 68 
8 93 17 78 12 
6 55 48 72 85 
54 86 61 96 11 
59 32 99 17 21 
77 54 38 32 77 
3 62 6 87 83 
50 98 49 5 93 
76 45 5 74 41 
26 43 65 32 8 
67 64 100 99 32 
53 24 99 91 8 
98 32 96 39 48 
87 92 97 36 87 
17 11 98 93 87 
97 8 95 50 99 
75 50 7 8 2 
10 73 19 94 68 
11 20 55 25 12 
44 43 84 61 79 
7 38 5 87 39 
41 59 78 13 83 
24 85 48 20 20 
83 43 29 61 35 
96 52 54 72 11 
80 17 26 35 86 
87 21 85 100 96 
5 100 100 70 24 
76 36 7 52 10 
24 90 100 29 62 
89 37 69 84 15 
33 64 46 36 51 
48 62 74 25 36 
60 59 65 91 27 
88 3 38 92 7 
74 65 69 16 17 
86 38 89 29 85 
32 31 19 36 78 
28 80 99 83 77 
4 11 19 86 35 
86 70 20 74 65 
3 34 100 25 60 
70 69 32 67 89 
39 28 63 86 86 
94 93 47 73 19 
89 98 14 58 32 
100 71 39 47 59 
95 39 8 22 26 
2 69 14 99 35 
12 40 19 51 81 
75 66 42 51 7 
74 39 25 14 19 

