30 28
132 824 731 408 546 77 117 470 967 600 392 555 272 693 57 119 625 386 466 874 874 596 528 342 362 273 771 370 20 493 
8 84 963 441 992 483 183 744 494 560 397 223 691 570 928 638 81 52 394 579 522 223 64 577 654 735 832 828 
91 54 68 87 33 98 32 17 55 49 72 20 60 22 50 81 38 94 70 83 77 43 88 90 19 18 46 59 
70 100 10 29 95 83 18 60 93 80 41 14 97 63 53 57 56 96 31 4 89 57 70 94 91 24 82 96 
88 67 33 10 12 38 51 74 15 51 74 20 56 100 71 90 46 52 23 8 53 40 50 79 13 15 60 89 
46 5 94 55 86 5 35 42 90 57 26 64 60 14 28 51 27 78 14 47 16 66 32 3 27 16 64 82 
61 66 96 14 23 76 86 57 47 5 85 67 7 16 9 3 94 69 31 70 73 76 66 83 98 58 61 76 
15 41 1 77 5 92 94 95 44 78 100 73 63 67 79 6 8 21 50 81 27 28 33 67 35 8 71 50 
9 44 54 67 29 74 68 53 3 46 65 60 1 26 42 68 69 55 69 14 68 53 46 16 30 79 5 76 
81 67 49 90 16 67 75 50 76 93 19 12 92 11 75 3 49 57 41 88 25 88 35 54 96 43 38 74 
80 33 78 60 21 20 23 61 32 36 51 74 4 15 77 56 34 96 90 98 72 47 58 11 72 31 48 65 
74 5 36 13 80 99 10 31 61 92 67 45 55 23 32 60 22 79 10 64 100 77 60 19 35 55 7 59 
1 67 74 16 42 28 97 12 11 53 51 33 77 11 28 20 77 27 65 35 77 63 65 84 55 26 99 20 
30 55 65 22 93 81 68 88 51 88 21 4 79 30 15 51 44 61 93 45 24 85 18 99 50 64 92 37 
38 46 49 48 47 100 100 36 71 21 49 98 13 32 16 15 100 99 64 72 74 65 28 37 59 89 86 16 
88 94 25 45 82 38 72 100 80 89 76 27 83 27 95 33 45 97 34 55 17 24 31 23 44 96 7 94 
48 66 95 67 7 36 66 14 30 25 93 2 29 100 77 45 94 46 36 25 66 27 35 91 14 65 37 75 
66 9 48 18 47 73 59 94 28 63 1 71 83 73 33 24 21 62 19 56 84 11 6 34 21 81 59 43 
32 49 60 61 22 38 41 84 64 30 87 87 30 27 20 96 88 4 34 9 85 51 74 58 48 26 55 37 
1 64 46 91 94 93 77 30 63 97 27 32 88 85 44 33 6 51 89 66 77 66 65 69 92 82 9 31 
6 22 100 8 22 32 88 68 45 52 52 91 98 78 15 86 95 85 92 28 72 84 85 35 67 49 54 56 
34 28 78 45 59 96 14 61 41 84 84 56 76 43 9 71 49 23 95 62 48 43 16 77 46 82 28 21 
29 99 25 90 20 1 72 21 94 36 59 51 46 65 72 73 27 42 4 58 100 18 28 61 19 62 28 46 
90 45 82 63 12 88 26 68 13 96 94 44 7 1 28 70 91 71 74 78 31 93 9 52 34 35 22 38 
5 83 69 21 24 60 83 17 55 30 28 25 50 86 54 81 27 44 41 83 67 77 44 91 67 99 99 85 
7 88 61 77 89 38 33 13 7 59 83 99 47 59 65 65 2 27 42 56 54 45 10 24 35 69 56 21 
64 33 32 38 4 35 5 46 64 95 8 78 95 84 98 42 59 44 100 96 41 22 55 77 11 83 67 3 
86 81 52 34 6 90 3 22 16 21 18 97 45 77 84 45 85 25 68 8 83 84 48 38 40 53 30 53 
74 40 44 63 45 93 86 80 51 72 87 53 100 1 47 47 1 81 32 12 5 55 33 7 24 4 87 80 
71 81 49 66 100 85 29 92 10 2 23 66 25 37 30 87 47 44 46 59 79 23 88 81 77 62 76 78 
42 32 23 77 77 49 73 30 96 21 1 14 73 84 71 88 92 41 98 92 78 66 42 25 51 26 80 67 
39 5 27 42 15 92 18 61 66 79 2 12 59 18 6 54 37 59 10 66 35 38 49 33 92 95 10 21 
