50 8
413 170 677 467 295 113 516 32 450 363 425 84 803 442 572 89 34 877 716 323 112 15 423 564 669 781 763 521 843 166 801 858 452 392 950 557 621 879 561 407 23 4 892 407 496 735 339 571 198 924 
846 887 647 263 350 801 137 19854 
89 41 17 99 93 9 43 68 
58 56 55 85 28 8 60 17 
12 34 25 90 82 92 1 61 
42 36 12 50 74 19 47 40 
43 77 95 10 29 59 32 32 
72 94 24 100 36 21 19 72 
55 37 78 79 44 21 70 95 
80 97 6 61 4 38 48 68 
90 70 29 67 19 89 79 97 
85 15 34 82 13 69 14 78 
82 93 38 98 45 25 2 46 
1 63 58 1 19 83 47 22 
52 51 94 26 25 86 58 87 
43 6 30 20 96 1 98 23 
78 78 22 67 74 1 13 37 
27 57 60 36 43 2 82 80 
71 56 43 39 66 66 23 94 
16 15 55 22 55 11 10 67 
78 6 70 2 57 89 66 6 
40 12 31 91 100 90 90 53 
46 86 15 18 74 82 78 31 
26 35 47 96 72 23 99 50 
6 16 26 7 64 19 66 27 
75 82 28 82 86 3 70 4 
29 53 20 35 22 22 69 75 
55 17 68 6 62 56 65 20 
10 61 57 54 2 33 1 26 
88 43 99 89 6 30 11 71 
97 52 52 14 48 1 58 57 
39 86 54 8 77 6 52 33 
63 47 99 30 11 35 78 93 
27 14 56 12 99 34 53 60 
12 99 19 82 34 15 86 72 
96 25 35 86 49 2 47 53 
88 34 86 57 8 64 39 42 
24 3 10 51 13 3 72 96 
28 59 83 85 63 17 12 72 
76 35 29 80 75 32 27 60 
60 29 44 77 47 24 49 51 
68 35 2 26 32 74 31 75 
84 15 98 97 59 30 1 5 
45 31 64 94 58 94 75 70 
53 88 34 32 90 28 55 13 
38 85 99 84 48 35 39 38 
8 35 60 56 87 14 37 2 
57 81 54 88 10 87 20 78 
55 88 39 12 100 15 39 96 
34 82 34 67 17 21 83 67 
88 72 91 48 77 30 52 1 
91 6 53 85 7 36 78 90 
