14 7 7 5 2
2 4 2 2 5 1 5
5 5 5 5 2 5 5
5 4 2 1 4
1 2

22025 19 59 33 35
8632 4042 7493 3691 5429 4542 274 4026 9797 7018 9999 6822 2686 9582 3204 8246 2929 2176 753
4232 5844 6476 8081 2319 6736 1572 6161 2897 2800 6017 2512 1457 4791 3173 9255 1503 5694 6202 8753 1100 1968 4376 8746 5685 9717 5321 3025 2951 3639 2267 9851 465 142 9811 6967 695 5864 8605 612 7506 1858 5736 1536 5630 4378 4135 9966 4871 6640 2447 6679 5348 1417 3660 9888 5929 7188 8490
7328 7343 7088 1455 4174 4296 7373 6157 2189 2795 9843 2241 2456 5779 8773 9650 2136 6879 3619 5564 9424 5505 5380 9300 4497 6179 5228 3002 5006 1232 4219 3127 6820
6825 3327 3954 4705 8640 5168 3592 6148 776 1204 7676 1935 637 984 1602 8503 4553 4481 9157 5661 1208 2953 8148 3607 3164 5230 4398 224 4944 61 1199 3009 4381 7434 5953

1158 141 199 159 180
117 283 940 797 457 910 100000000 796 485 356 500 727 189 850 284 184 499 143 892 907 850 874 419 322 127 571 897 620 843 323 631 552 588 50 416 410 975 770 547 692 167 308 334 738 136 448 693 804 587 651 631 463 131 982 654 879 701 770 653 349 76 715 866 193 760 885 847 253 87 330 795 871 50 386 893 512 160 120 333 626 16 586 157 755 904 567 115 782 185 640 605 328 404 100000000 842 168 949 930 99 397 193 595 235 668 231 794 183 691 521 718 164 668 819 66 556 77 911 1 784 237 797 538 972 250 387 979 602 728 990 94 750 575 273 658 246 356 882 197 639 310 957
212 641 310 97 675 190 666 497 403 173 902 701 296 380 623 508 621 15 437 454 515 130 681 739 78 453 54 763 135 677 495 48 108 267 407 284 399 151 338 823 354 566 989 840 926 154 62 761 100 447 867 692 795 645 57 173 529 484 131 536 562 347 356 376 628 719 43 435 966 722 356 882 569 448 681 380 67 676 902 983 529 725 506 18 662 420 282 963 215 542 618 591 567 82 272 763 928 72 605 434 818 83 816 170 42 164 73 407 697 157 319 523 100000000 419 416 218 302 805 492 302 544 438 675 915 121 383 268 474 142 906 528 924 336 759 243 844 609 296 4 432 309 253 937 944 688 58 208 853 971 547 799 915 133 350 488 955 216 813 679 364 152 482 404 601 703 860 677 826 810 525 371 947 333 722 962 983 974 267 259 512 957 142 620 26 151 413 466 30 803 399 613 941 708 81 37 638 618 641 407
584 495 311 332 342 593 185 662 100000000 905 833 75 402 238 157 188 633 596 553 133 264 426 886 425 424 98 435 619 543 257 672 13 924 788 923 252 119 671 824 916 484 454 675 197 441 718 344 970 315 531 216 593 676 655 690 902 236 854 99 137 786 979 629 195 578 739 54 544 495 856 13 99 11 849 979 944 363 492 119 859 997 93 818 987 524 639 34 167 80 492 55 100000000 836 603 173 895 690 267 454 366 8 967 495 885 215 548 630 321 477 100000000 9 826 925 415 129 880 10 100000000 130 33 409 526 792 100000000 667 319 728 821 74 596 603 651 369 950 518 445 183 845 933 304 687 850 418 118 881 625 241 113 595 63 580 189 808 100 344 828 725 281 814
745 554 629 650 785 562 356 31 561 779 730 394 546 329 12 394 885 84 414 137 410 691 127 85 656 226 24 316 276 226 403 640 719 803 940 843 794 30 232 479 915 68 996 320 689 130 759 832 384 877 197 934 711 836 702 577 601 922 312 333 372 415 500 725 462 141 952 38 494 362 460 919 117 100 798 556 849 737 533 379 929 35 55 790 871 740 775 229 964 302 493 681 279 103 100 469 551 197 746 479 110 322 408 597 480 503 405 585 78 342 650 336 985 842 378 278 223 787 190 788 62 715 516 534 355 93 525 899 558 671 143 52 641 374 597 533 1 527 605 572 447 449 31 631 551 903 100000000 128 803 857 623 440 863 863 348 100000000 576 378 768 907 437 305 613 183 518 893 938 894 236 95 402 782 961 255 516 30 457 286 856 769

222 346 303 485 269
92 56 91 19 8 18 86 99 100000000 82 21 95 11 26 30 14 89 81 27 100000000 35 76 41 72 63 100000000 63 43 49 81 49 33 86 39 14 1 72 31 58 77 19 77 3 57 28 33 100000000 58 50 50 15 85 47 23 15 17 4 46 100000000 76 60 51 6 36 37 73 82 20 56 78 46 39 100000000 30 16 50 65 67 96 32 62 58 100000000 46 24 69 1 49 10 23 39 83 20 97 43 4 36 1 75 10 99 43 17 100000000 98 72 14 62 69 38 15 100000000 77 48 52 79 5 97 8 100000000 48 51 16 66 75 71 38 100000000 35 89 31 93 86 74 68 75 53 71 3 89 87 15 67 71 54 50 27 95 46 31 75 92 12 49 63 31 12 50 33 59 100000000 24 13 45 10 24 16 73 5 69 40 17 58 85 41 32 83 9 61 42 100000000 49 99 92 57 47 78 74 38 23 74 59 92 18 70 44 25 33 68 57 5 28 75 75 65 68 65 66 82 34 29 97 35 1 64 49 58 4 67 85 49 100000000 46 35 91 47 46 7 80 43 83 86 29 76 14 100000000 27 87 57 54 9 36 82 88 88 67 65 25 14 17 86 89 58 32 91 99 27 78 94 33 82 58 88 28 55 57 53 17 28 65 20 55 44 62 64 43 22 56 22 56 46 59 82 58 91 86 32 92 23 57 9 49 40 11 71 83 76 85 12 82 27 68 82 49 34 32 100000000 46 41 57 95 81 52 66 65 79 30 70 3 54 51 100000000 54 4 12 25 87 94 12 61 100000000 33 79 55 91 22 20 100000000 94 89 65 28 54 41 62 83
90 99 100000000 79 71 10 10 34 92 15 61 51 46 15 52 100000000 79 60 30 6 13 37 31 8 38 90 100000000 24 27 57 73 84 98 68 11 93 39 55 100000000 100000000 99 58 39 90 78 26 100000000 49 16 41 100000000 39 100000000 87 2 3 29 100000000 18 100000000 80 100000000 57 3 12 87 98 5 87 85 78 82 40 43 32 24 87 65 94 93 42 83 50 28 42 35 58 88 62 26 40 1 66 5 86 39 22 50 39 91 20 27 51 18 34 83 25 69 2 56 87 100000000 19 74 100000000 100000000 49 7 100000000 26 46 46 81 100000000 73 17 90 44 74 93 16 21 16 73 28 70 79 97 72 10 28 37 46 98 12 91 52 99 54 12 33 100000000 19 2 10 68 10 10 27 73 37 34 15 50 30 33 99 87 33 80 83 62 46 97 34 86 2 61 6 78 23 74 67 36 24 19 37 76 98 88 47 100000000 96 100000000 4 8 10 38 81 2 49 28 89 69 85 44 58 100000000 7 12 100000000 94 40 100000000 5 2 96 64 53 92 67 23 52 62 47 71 71 54 7 92 79 100000000 70 55 21 94 36 23 86 9 27 73 79 91 52 86 27 25 41 66 71 100000000 56 29 100000000 75 39 100000000 100000000 18 35 36 41 12 81 87 97 72 5 36 39 46 14 9 61 58 32 9 9 100000000 100000000 60 63 58 70 59 64 75 6 82 16 73 53 45 8 1 48 42 89 100000000 4 30 35
89 32 69 14 41 27 94 10 44 2 85 88 59 79 61 70 76 84 78 13 12 27 77 100000000 39 67 33 11 15 1 42 43 4 68 100000000 81 28 35 93 65 91 63 75 48 73 100000000 91 29 45 70 53 49 75 95 100000000 73 11 60 73 96 39 39 79 79 78 17 15 46 61 69 74 75 1 52 41 22 90 36 47 30 54 50 20 94 51 39 41 7 42 95 39 1 6 83 42 10 100000000 73 55 17 24 63 9 71 39 91 4 36 28 77 68 47 71 75 40 100000000 2 1 11 5 63 41 98 28 45 18 46 83 82 76 86 6 26 84 100000000 23 63 1 50 32 4 65 87 16 18 82 80 19 62 27 28 36 11 35 40 15 82 47 80 12 10 10 26 71 10 91 96 19 46 24 15 37 77 80 48 12 56 97 21 64 31 89 75 61 5 87 23 51 2 99 61 99 90 91 3 100000000 100000000 40 100000000 1 44 68 61 43 41 29 12 28 19 13 67 25 60 91 17 98 32 76 94 100000000 73 90 9 4 100000000 1 1 37 30 28 51 29 32 88 64 15 86 100000000 45 24 49 99 5 76 82 33 71 47 75 86 67 39 70 44 87 63 30 77 36 39 91 66 25 83 81 37 55 77 3 70 20 21 75 13 44 5 85 17 50 14 1 57 9 95 37 76 93 2 2 79 20 98 26 44 49 79 19 68 47 100000000 85 100000000 36 81 56 20 78 25 11 3 37 90 36 53 75 40 19 57 100000000 85 67 69 12 100000000 71 26 21 2 58 35 93 28 40 46 33 69 77 40 92 78 33 23 63 33 24 89 10 28 76 96 48 5 33 36 18 16 59 54 49 31 64 100000000 85 41 40 69 86 95 33 39 77 9 50 60 72 96 23 16 97 72 6 19 4 100000000 50 79 37 31 61 56 17 33 95 9 15 75 31 54 47 8 83 95 64 92 22 28 27 86 13 11 72 64 72 91 13 2 86 42 63 51 40 75 10 7 15 73 82 47 4 73 90 49 33 83 91 46 55 71 50 85 55 90 28 56 100000000 45 96 22 30 82 97 4 31 43 13 50 77 68 19 16 4 19 16 83 2 30 54 28 47 72 89 12 100000000 100000000 75 100000000 37 95 94 63 12 21 30 9 92
59 100000000 100000000 31 23 43 76 28 60 68 91 72 42 9 72 51 36 6 27 99 100000000 36 48 34 46 95 14 36 96 99 92 88 100000000 100000000 6 24 88 30 28 59 75 100000000 12 74 100000000 61 38 2 43 68 93 80 21 11 43 9 72 65 87 63 5 77 99 57 26 11 67 28 57 34 98 32 100000000 84 21 90 63 41 100000000 100000000 7 75 76 65 88 65 44 69 33 11 75 4 32 100000000 79 26 3 2 10 59 47 25 21 30 82 66 42 28 18 85 82 90 100000000 4 51 34 59 17 20 16 35 29 6 94 32 85 64 8 97 16 4 65 56 36 100000000 69 98 84 64 37 74 100000000 30 3 84 75 44 84 63 64 76 4 18 80 46 100000000 68 5 54 18 33 91 80 8 100000000 67 100000000 89 18 52 80 9 21 64 93 49 27 14 79 2 100000000 41 76 39 89 7 46 8 29 83 27 6 8 77 53 78 24 37 4 92 9 6 18 95 96 70 17 100000000 63 18 74 6 50 14 88 82 47 4 26 28 11 13 28 5 54 90 32 5 73 50 96 90 69 8 53 16 59 46 48 100000000 100000000 20 89 34 55 100000000 72 100000000 58 77 71 100000000 91 93 34 87 2 100000000 80 74 51 49 76 69 59 82 50 69 57

24 1025 1797 1378 1067
7 7 9 8 7 9 1 9 6 4 5 6 4 4 8 7 7 5 4 6 4 5 4 9 7 3 8 5 6 3 5 3 1 9 6 6 2 8 3 2 5 8 8 8 5 5 2 4 6 4 8 1 8 8 7 9 2 2 2 7 2 9 6 9 9 5 8 5 1 7 5 5 4 5 6 6 9 7 5 6 3 7 2 2 3 6 1 6 4 3 7 7 3 6 1 4 1 5 6 3 9 4 7 9 4 9 7 6 8 7 4 5 9 3 1 5 4 2 2 1 6 8 4 7 5 6 8 2 4 3 8 6 6 1 2 5 5 1 6 9 8 8 8 7 1 1 4 3 6 4 9 4 7 5 8 3 5 3 5 6 7 1 7 3 9 1 6 5 5 7 5 7 4 4 4 8 3 4 7 1 8 5 3 5 2 9 6 2 2 8 7 9 7 6 6 2 2 6 3 2 1 7 6 7 4 2 4 9 1 2 2 2 3 3 4 1 3 1 9 3 8 3 5 8 3 6 9 5 5 8 7 1 8 5 1 2 5 4 6 4 2 1 2 2 2 4 6 3 9 5 3 2 2 5 8 7 1 7 9 5 9 6 3 8 3 5 9 6 9 8 6 9 7 7 4 2 5 9 4 5 2 2 4 1 4 7 8 7 3 8 2 3 8 8 8 1 2 6 3 5 8 6 3 9 8 3 3 8 4 1 5 8 1 5 1 2 2 2 1 6 2 1 4 9 1 6 3 1 1 1 9 7 1 8 5 8 4 3 5 7 1 1 4 4 3 3 4 8 6 5 8 2 8 5 8 7 3 5 5 8 1 5 7 2 9 7 9 6 9 6 9 3 1 4 6 6 3 2 5 6 9 9 2 4 8 3 2 1 2 3 2 7 8 3 3 9 8 7 3 9 5 1 9 6 5 1 3 6 1 5 3 4 3 5 1 5 2 7 4 6 7 7 6 3 4 9 9 8 8 9 9 5 2 8 3 6 8 7 3 3 6 2 6 1 3 8 1 6 7 3 4 3 7 8 7 8 6 3 4 4 1 9 5 6 9 3 2 5 2 6 4 6 1 5 3 3 2 4 1 6 1 7 3 6 1 5 9 5 6 6 2 7 2 6 3 5 3 5 9 1 9 8 3 3 8 9 6 7 9 4 9 3 5 5 9 2 5 3 2 6 4 2 2 1 5 9 2 2 3 9 3 4 1 9 3 5 5 9 9 7 1 7 2 8 8 7 5 9 6 9 9 3 7 3 9 1 2 9 3 9 6 6 7 5 6 6 2 6 2 5 7 1 3 4 3 7 3 1 2 8 1 2 3 5 1 4 4 6 3 8 2 2 3 6 8 2 4 9 3 7 9 5 9 4 3 3 3 3 6 6 1 6 3 4 1 9 5 3 4 4 8 5 2 2 3 5 8 9 6 6 2 7 4 2 6 2 3 4 7 2 2 9 1 5 9 5 8 5 2 8 7 6 2 2 6 3 1 4 7 9 3 8 6 4 7 2 3 4 6 5 4 3 4 5 8 1 8 5 3 5 9 6 1 9 9 6 4 5 1 2 1 9 2 4 7 2 1 4 7 5 6 1 6 7 2 7 3 8 1 4 6 5 1 5 9 3 3 9 3 5 7 6 5 8 1 2 7 4 4 3 7 6 8 3 4 4 5 4 6 5 6 6 4 1 7 3 6 2 3 5 7 6 4 5 8 4 6 5 9 8 2 6 6 5 9 4 1 6 6 5 8 1 4 4 8 5 6 4 6 1 6 6 2 2 7 1 3 4 5 3 9 8 8 1 2 6 1 9 1 5 7 7 4 6 9 1 7 1 9 9 8 8 3 5 4 5 8 8 2 7 8 4 1 3 8 4 7 9 9 9 4 6 1 7 3 2 3 9 5 5 5 3 6 9 4 5 6 4 4 5 4 1 4 5 3 9 1 2 1 2 8 2 7 3 4 4 6 4 3 7 3 7 6 3 4 3 9 7 7 7 7 9 3 3 7 4 8 2 4 5 4 8 9 1 2 5 7 3 2 3 3 6 6 3 9 4 8 8 5 1 1 9 6 2 5 6 9 8 6 1 8 4 6 5 6 3 4 1 9 5 3 6 3 2 4 9 2 8 7 1 3 2 7 8 1 1 1 4 6 4 4 1 3 9 8 6 8 4 6 9 7 4 4 3 9 1 1 5 6 6 8 7 1 3 4 6 4 9 7 8 3 5 7 3 7 4 5 7 7 7 1 6 2 8 7 5 6 2 7 8 7 4 1 7 4 8 6 4 8 9 5 3 8 1 1 2 3 3 8 1 2 7 6 4 7
7 3 8 3 8 5 8 3 8 7 5 3 5 3 7 4 6 4 5 4 7 7 3 1 9 1 8 3 5 7 7 8 7 9 5 4 5 6 5 8 2 7 6 4 7 3 7 7 3 1 3 6 6 2 5 6 5 4 6 5 4 7 4 5 1 2 1 9 5 6 1 3 4 6 6 2 7 7 9 2 8 7 9 6 1 2 6 7 5 7 1 6 8 5 1 9 9 4 1 2 4 4 1 4 5 5 5 5 8 1 3 1 4 7 5 8 8 3 9 1 7 2 6 6 9 3 6 9 2 7 7 8 9 8 9 5 4 6 8 5 2 7 7 1 6 9 8 9 6 6 7 3 3 7 5 4 7 5 4 1 9 4 6 8 8 6 1 7 4 1 1 5 6 5 8 8 5 6 7 1 4 3 7 1 3 6 7 1 6 6 1 7 8 5 2 8 6 4 3 7 9 2 6 2 7 1 8 4 8 6 3 9 3 2 3 2 9 3 1 7 3 4 1 9 3 4 2 1 5 9 9 4 1 2 7 3 8 4 2 1 2 6 9 2 1 5 6 5 7 7 1 4 8 9 3 1 9 4 9 5 1 3 1 2 9 8 3 5 8 8 6 3 3 3 1 3 5 2 7 1 2 7 8 4 2 7 8 7 9 3 4 8 3 5 7 6 2 7 2 7 1 8 1 8 4 7 3 4 2 2 6 9 1 8 4 9 8 9 1 6 6 1 8 9 7 4 3 9 3 9 7 3 1 2 3 3 7 3 4 5 1 8 2 6 6 3 8 4 8 5 3 1 8 3 1 7 1 9 5 5 6 4 9 4 8 8 4 9 3 8 2 2 1 8 5 4 7 6 9 7 6 1 1 7 4 4 5 8 5 3 2 8 5 4 7 8 6 5 7 1 4 9 2 3 8 2 3 3 5 4 1 3 3 5 8 3 9 9 4 9 6 7 4 5 1 7 9 7 4 1 9 1 4 9 2 2 1 3 8 2 6 3 8 7 3 8 1 8 5 3 3 7 1 7 6 9 3 1 4 9 3 6 3 4 5 4 8 3 3 2 1 4 2 7 1 4 8 4 3 7 9 6 4 4 5 1 8 5 1 2 8 6 8 9 7 7 8 4 7 8 5 2 8 3 3 6 5 9 9 6 2 7 9 2 3 2 5 8 9 9 9 9 3 5 8 7 1 6 1 3 3 7 7 1 2 6 4 2 2 5 9 5 7 8 3 4 8 2 2 3 2 1 4 2 5 7 7 2 8 5 6 2 1 1 3 1 5 7 6 5 7 8 9 1 9 7 2 7 4 4 7 6 3 5 3 5 5 3 4 4 7 8 3 7 8 6 5 6 4 5 8 4 2 4 8 2 8 7 9 3 9 4 1 2 2 6 4 7 2 8 2 1 5 3 3 7 6 5 9 5 2 3 8 3 5 9 1 2 1 3 5 8 5 6 6 1 6 6 4 3 9 7 5 1 8 9 5 2 8 9 1 4 5 4 8 7 2 6 4 3 5 4 7 8 8 3 8 3 8 8 8 8 2 7 7 1 6 2 6 6 3 6 6 1 4 1 1 3 8 4 4 1 8 2 6 7 2 1 8 8 3 1 3 6 2 3 2 6 2 5 4 5 5 3 5 1 1 3 3 2 3 8 8 1 3 5 3 9 9 1 7 6 6 2 4 2 7 3 2 7 2 7 5 8 9 9 8 8 9 7 7 7 3 1 6 4 9 8 7 9 2 2 1 6 7 9 1 7 9 9 7 9 2 6 9 7 6 5 1 5 3 9 3 4 8 4 6 3 5 1 4 9 9 7 9 8 2 5 9 7 2 9 8 4 7 2 1 7 3 6 7 5 1 2 9 2 2 3 4 6 1 7 6 2 6 9 9 6 2 6 7 5 9 3 2 5 1 7 3 5 7 3 5 2 3 3 4 2 8 8 1 4 2 3 7 3 2 6 8 7 4 1 1 5 5 7 6 1 5 1 2 9 1 6 2 9 1 6 7 5 3 3 5 8 8 8 5 3 1 3 1 9 7 1 2 5 3 4 5 4 7 6 9 6 9 2 5 9 6 9 1 7 3 8 3 1 6 6 1 2 7 5 5 7 2 6 4 3 3 4 2 7 3 5 7 8 2 9 6 9 6 8 6 3 8 1 8 8 9 3 8 2 9 2 3 7 4 6 9 1 4 9 4 7 1 5 8 2 6 5 5 2 4 8 7 3 3 8 7 4 1 1 9 1 9 1 7 5 8 4 6 9 6 9 8 6 8 6 5 9 2 9 2 7 8 5 2 6 6 8 7 8 4 4 5 7 4 7 5 6 9 3 9 9 9 2 1 9 8 1 1 7 7 7 9 5 2 7 2 4 7 8 6 1 1 8 2 9 7 7 7 1 6 1 8 4 6 7 3 1 2 8 4 7 1 2 1 4 1 5 2 6 5 1 6 6 2 7 3 2 8 7 1 9 2 1 4 1 9 9 9 7 6 8 6 8 8 2 7 9 2 9 2 8 3 5 6 1 5 9 7 4 9 8 3 7 9 8 2 5 7 6 8 1 2 4 2 2 6 1 1 1 8 1 6 8 2 7 1 2 3 1 8 8 3 2 7 7 2 1 3 3 6 6 4 9 6 9 6 2 7 9 1 4 2 6 6 2 6 1 3 4 3 6 6 7 7 1 8 3 4 1 7 6 5 5 8 8 4 9 4 4 2 1 9 6 6 5 7 5 1 4 8 2 2 8 9 5 2 9 2 2 7 5 5 2 2 4 6 7 1 8 8 5 3 8 7 7 5 6 6 4 5 7 9 7 7 3 3 2 9 7 6 9 5 2 3 5 5 8 6 4 1 7 9 9 1 4 1 4 8 4 3 6 9 3 7 6 4 7 7 6 8 5 2 2 4 5 8 8 3 7 9 6 8 2 8 5 7 1 4 4 6 9 7 5 2 5 6 7 3 9 4 4 2 2 1 7 1 6 7 6 3 5 7 6 2 7 1 6 8 4 6 9 9 5 4 5 4 3 1 6 6 1 3 4 4 2 1 2 5 6 6 1 8 8 9 5 3 3 8 9 1 2 2 1 4 2 2 1 8 3 7 6 6 9 7 6 5 6 2 8 7 4 1 3 1 6 4 3 5 1 3 6 9 9 6 2 5 2 7 9 7 1 5 4 5 5 5 2 5 6 9 7 3 4 2 1 2 8 2 3 2 8 4 2 8 3 8 4 9 4 2 8 5 6 1 3 3 3 2 3 3 5 7 8 7 9 9 4 1 6 6 7 8 3 7 4 4 8 9 4 3 1 4 8 1 1 3 1 7 1 3 9 3 1 8 6 4 3 6 4 3 5 7 3 7 2 3 3 5 2 2 8 1 9 1 3 6 1 6 6 3 5 2 2 8 5 8 5 8 1 6 8 6 9 4 8 1 5 4 3 2 7 8 9 9 1 3 9 7 9 1 1 8 2 6 8 3 5 1 5 8 4 5 3 9 5 2 8 8 1 9 7 4 4 1 9 6 4 8 4 6 9 9 9 7 7 4 4 4 8 5 6 9 9 7 6 9 4 1 7 9 4 3 5 5 1 9 9 3 4 4 2 7 3 8 4 1 5 9 7 2 2 9 9 7 4 8 9 5 7 2 6 5 6 9 5 2 9 3 5 3 9 8 4 8 5 8 7 5 1 1 9 4 4 2 1 4 2 7 8 1 1 2 3 5 7 7 4 5 9 5 6 4 8 9 4 1 6 6 4 7 6 1 4 6 9 1 1 8 7 6 7 3 4 5 9 2 1 7 9 9 8 2 3 4 8 3 8 2 9 7 1 4 5 4 7 8 2 7 7 8 2 5 9 4 6 8 5 3 6 9 6 9 7 2 4 2 2 6 5 5 7 6 6 1 6 6 7 7 7 4 3 3 4 9 6 8 1 9 4 8 8 6 2 8 6 1 3 7 5 9 4 9 3 7 2 2 8 4 1 1 6 5 5 7 2 2 6 4 1 4 5 9 6 9 2 4 8 1 3 8 8 1 6 6 5 8 9 1 6 8 8 4 6 5
3 6 8 4 5 3 4 7 2 8 8 2 3 2 6 5 6 3 4 1 5 3 5 2 8 9 8 6 4 8 5 1 1 8 5 7 5 2 5 9 8 1 8 6 5 3 3 5 7 4 6 8 2 7 3 2 6 2 6 4 7 7 6 9 3 3 4 3 2 2 1 1 9 9 3 7 3 3 8 6 1 3 8 5 6 6 2 9 3 6 7 2 6 2 1 3 1 5 5 6 3 3 7 2 7 3 6 6 9 2 4 1 9 5 5 1 5 7 9 1 1 2 4 6 8 9 8 9 7 7 5 7 2 1 6 9 8 2 3 3 7 9 7 9 4 3 5 5 2 2 5 7 8 6 6 6 7 7 8 5 5 2 2 9 9 3 1 1 2 6 4 1 9 7 6 8 3 5 3 3 1 9 6 5 2 1 3 7 7 2 8 8 5 6 4 2 6 3 6 1 6 6 4 2 5 5 9 1 9 9 4 4 1 1 1 1 5 5 1 9 2 1 2 2 6 6 3 1 4 4 6 5 2 1 4 2 6 6 5 8 5 1 3 3 7 3 5 5 6 9 1 8 3 3 4 6 8 7 9 7 4 4 4 2 9 9 1 9 7 5 4 7 1 1 9 4 2 4 2 7 6 4 5 4 5 3 4 7 9 9 9 2 1 7 2 7 6 7 8 2 1 2 9 2 9 7 5 2 8 1 4 6 3 9 2 3 7 3 3 8 9 3 5 7 4 3 6 2 5 2 9 3 4 2 2 1 2 1 1 5 2 9 8 2 2 3 2 4 2 4 1 8 2 9 2 3 6 9 7 4 6 4 1 3 9 1 2 9 7 5 4 9 7 9 5 7 8 9 2 5 9 5 4 9 4 5 6 8 9 4 4 5 2 1 9 3 6 1 3 7 5 8 6 9 5 8 4 7 6 1 1 9 4 6 8 8 7 7 6 9 1 5 6 7 2 2 2 2 6 7 5 3 7 7 5 8 6 6 6 2 4 1 7 2 9 6 5 3 4 9 4 3 4 9 1 1 9 2 7 1 3 8 7 2 8 6 6 6 5 1 1 2 6 1 2 1 3 8 9 1 7 3 5 7 8 4 4 7 9 4 2 7 6 2 8 9 7 9 2 3 3 9 8 4 6 4 6 4 8 7 9 5 7 1 5 8 5 5 2 2 6 4 4 7 7 1 9 6 4 7 2 4 3 2 8 7 8 3 6 7 8 8 5 9 9 9 6 8 5 4 7 2 5 9 5 9 8 3 4 2 5 9 3 1 3 2 6 1 8 8 6 8 4 6 5 6 7 4 5 9 7 8 5 5 3 3 9 8 9 5 5 7 3 4 8 8 9 6 3 4 1 3 3 8 6 3 5 7 3 8 3 100000000 9 4 7 7 1 8 1 5 4 2 3 7 9 6 5 5 5 2 9 7 6 3 4 1 1 5 8 8 8 4 4 4 6 7 3 6 9 9 7 5 1 4 5 1 3 7 6 2 3 8 5 5 2 4 2 7 2 3 3 4 4 5 2 7 4 2 1 2 4 6 7 4 8 8 2 6 3 3 1 3 8 7 9 9 3 2 7 3 3 3 3 3 3 1 8 4 8 8 3 7 8 7 2 2 3 5 8 9 4 2 6 9 7 2 8 5 3 2 6 5 2 1 4 5 4 6 4 4 8 6 4 2 9 1 9 9 6 3 3 1 5 7 2 4 6 4 3 4 8 1 4 3 5 1 9 8 9 4 6 2 5 6 4 8 7 1 1 8 6 6 9 9 7 4 1 2 1 4 3 2 9 7 8 3 1 5 7 2 7 4 1 5 3 1 1 2 6 3 5 1 9 3 2 4 5 6 5 6 6 2 1 4 2 5 3 2 8 9 7 1 8 3 9 4 7 3 5 3 7 8 3 8 2 2 4 3 3 4 1 4 6 8 3 8 2 9 8 4 3 5 2 6 9 6 9 8 8 2 5 3 2 9 4 6 4 3 7 3 4 1 2 2 9 9 9 5 6 6 3 7 2 9 4 2 1 4 1 2 8 4 3 4 7 2 3 8 4 7 3 8 8 8 9 2 9 3 8 8 3 3 9 2 8 8 9 3 4 3 3 1 4 7 3 5 3 4 1 4 9 4 9 3 2 2 9 7 8 2 5 7 5 6 9 6 4 1 4 2 6 6 1 7 7 3 6 1 3 2 3 5 1 5 2 4 2 7 2 5 1 7 4 9 4 5 1 1 2 5 8 7 8 8 5 1 5 4 4 4 7 9 4 3 3 1 7 6 1 8 5 2 5 7 3 5 9 1 6 6 1 7 2 3 8 9 8 3 2 8 5 8 6 8 2 2 8 4 5 9 8 6 3 8 5 8 4 4 8 4 3 9 3 8 8 3 2 2 8 5 4 7 7 4 9 7 5 2 3 3 7 9 3 9 2 8 8 1 4 4 4 4 1 7 6 3 1 5 2 1 9 6 9 8 6 4 8 4 6 5 7 2 8 1 1 5 5 5 1 1 3 1 3 5 6 1 2 1 8 7 1 7 2 5 7 6 9 8 9 6 8 3 6 9 1 3 7 1 9 6 9 6 5 7 9 6 2 6 9 5 9 9 1 8 1 4 7 6 3 3 1 4 7 4 1 3 9 5 3 5 7 6 3 3 1 6 1 2 7 3 1 2 8 1 1 3 1 9 4 6 6 1 1 3 9 2 4 7 8 8 7 1 7 8 3 3 6 1 6 3 8 4 5 4 5 2 4 5 5 6 3 2 8 8 8 6 8 8 6 1 6 2 2 6 6 7 2 9 6 9 9 2 7 9 2 7 8 3 8 3 5 9 7 7 8 2 3 9 7 3 1 1 1 7 1 7 5 8 2 5 1 2 8 1 8 1 5 7 7 3 6 4 8 5 3 1 3 6 4 6 2 9 8 8 1 9 6 1 4 6 6 7 2 5 7 8 4 5 1 7 8 7 3 4 7 6 3 7 7 8 1 3 1 5 8 9 5 8 3 5 1 9 1 2 8 2 6 9 8 6 1 4 3 2 1 9 1 1 8 3 6 4 3 5 2 5 9 1 5 2 1 6 3 9 6 4 2 1 7 4 4 8 4 1 2 6 5 5
6 4 6 3 8 7 3 8 3 4 9 9 9 9 9 8 8 4 3 7 9 1 2 9 8 7 8 2 7 5 9 7 5 6 2 1 2 2 5 5 3 9 7 2 4 3 1 9 9 2 3 1 5 7 1 3 4 9 3 5 4 7 8 3 8 7 6 7 1 6 1 7 9 7 6 7 1 5 6 7 8 6 7 8 3 1 9 8 8 2 9 2 8 7 6 8 2 4 9 2 8 1 3 1 6 3 8 3 7 7 9 9 3 9 2 9 1 4 3 1 9 6 7 9 4 3 5 7 7 7 4 3 6 9 3 2 8 9 4 4 2 5 7 6 1 9 7 9 9 6 8 5 9 5 7 6 8 7 7 1 5 2 3 3 4 8 4 1 8 6 4 9 5 2 8 4 2 1 5 4 1 9 8 6 7 3 1 7 9 7 5 3 3 5 4 2 1 2 9 8 7 2 8 4 3 8 7 1 3 6 6 2 9 4 3 4 8 3 8 1 2 6 7 1 4 9 2 9 6 5 8 5 9 3 2 4 6 4 5 4 8 7 1 6 1 8 9 1 9 9 1 1 8 7 8 5 1 6 8 8 5 2 1 2 2 7 6 9 6 3 3 4 5 9 1 8 8 9 8 4 7 3 4 9 9 1 6 9 6 2 1 2 6 9 2 3 1 1 4 6 7 4 5 5 1 1 7 2 2 5 5 8 7 7 2 9 3 7 6 3 4 4 3 6 6 4 2 7 6 2 1 3 8 3 3 5 8 3 5 9 4 4 4 4 7 4 7 5 3 7 2 9 3 7 4 3 1 8 4 7 3 4 7 4 4 9 1 1 6 8 7 6 6 4 2 4 4 9 1 4 3 3 7 8 7 2 4 8 2 3 9 7 1 6 2 1 2 1 8 6 1 9 1 9 3 9 4 8 6 9 2 8 3 9 5 1 5 8 8 2 6 6 5 5 8 3 9 7 9 6 4 5 8 1 2 2 9 1 4 1 3 6 9 2 1 5 8 1 9 8 7 5 3 5 4 7 3 4 5 1 6 5 4 4 5 9 2 6 9 6 6 6 8 6 1 4 2 5 8 6 2 4 3 1 5 2 9 5 9 4 6 5 5 8 4 1 7 1 3 8 1 8 8 4 9 2 2 5 8 2 3 9 2 1 9 4 5 7 5 3 9 3 7 3 2 6 2 7 5 2 1 4 9 6 4 9 9 2 8 6 1 6 1 7 9 4 3 1 5 3 9 6 7 3 4 6 1 1 8 3 5 2 3 2 6 5 3 3 3 1 5 7 9 3 7 8 8 6 4 3 7 5 7 5 2 4 7 4 7 5 7 7 6 6 1 8 3 1 7 4 6 4 9 9 8 2 6 9 5 2 2 3 1 6 1 3 2 4 4 6 1 1 9 4 1 6 5 1 8 2 1 4 4 3 4 7 7 1 1 8 6 5 7 1 1 5 7 1 3 5 6 2 9 9 8 3 3 7 5 2 3 9 2 7 2 8 9 1 8 5 6 3 2 7 5 9 1 6 7 1 3 4 7 6 7 4 9 8 1 6 9 2 8 8 2 6 4 5 8 1 5 2 6 8 8 6 9 5 4 7 4 3 9 7 9 3 9 4 3 4 2 2 4 7 8 3 3 5 7 5 2 7 6 8 4 3 8 2 2 4 8 2 3 1 4 6 5 3 1 3 9 5 9 3 1 1 7 9 2 2 1 7 2 3 3 8 4 1 5 3 8 9 2 9 5 7 1 9 5 2 4 4 4 5 1 6 9 7 8 9 3 2 7 8 3 4 4 4 6 6 9 3 4 8 5 8 1 6 5 7 9 6 6 5 4 5 2 9 1 2 2 6 1 6 2 5 9 3 4 4 9 6 7 9 4 1 3 5 9 9 5 6 9 5 2 2 4 8 9 9 3 8 1 7 5 4 1 4 2 8 3 8 8 2 3 2 8 1 4 2 9 3 1 7 8 4 2 1 8 5 5 3 3 7 2 4 7 9 5 5 6 9 9 4 3 4 2 5 5 3 5 7 6 2 8 8 9 4 4 4 6 7 2 2 6 6 7 7 9 8 8 5 4 7 5 9 2 4 2 6 8 1 6 1 8 7 2 7 3 3 8 7 3 5 5 4 7 2 3 9 2 6 9 5 5 7 8 5 5 3 2 9 7 7 4 5 4 9 7 2 2 7 7 3 4 5 8 3 2 4 5 9 1 5 7 9 1 9 6 2 4 2 6 4 3 7 7 8 3 8 6 7 9 4 8 3 8 5 2 6 9 2 5 3 1 9 6 5 8 7 8 9 5 8 8 7 1 1 8 7 2 7 4 3 4 1 6 4 1 9 2 5 1 3 3 2 6 2 9 9 4 9 7 2 2 7 9 5 7 4 9 8 8 6 2 8 1

30 2000 2000 2000 2000
3 9 4 7 1 4 3 6 1 8 5 3 7 8 8 2 3 3 7 5 5 4 6 7 4 3 3 4 4 1 2 8 9 3 1 6 3 8 8 4 9 9 7 3 4 6 7 3 3 9 8 9 4 1 5 2 5 8 7 7 2 8 4 1 7 7 7 1 4 2 5 9 1 6 2 8 8 2 6 9 4 4 6 1 9 8 3 3 3 9 1 7 9 6 1 9 6 6 9 6 8 7 5 1 1 5 5 3 2 3 2 1 9 8 1 7 7 5 9 2 9 5 8 3 6 9 4 7 6 6 2 1 5 9 6 4 4 5 1 8 6 9 4 3 5 6 9 5 5 8 9 1 7 5 9 3 7 8 4 4 5 3 1 5 3 8 4 6 9 2 1 8 3 5 4 9 5 2 5 8 5 2 8 2 8 8 8 7 7 2 4 1 4 1 6 4 1 6 3 6 2 5 3 2 8 7 4 8 6 1 8 1 8 3 6 7 5 1 3 4 4 6 6 9 2 5 2 6 2 6 6 5 8 5 9 8 6 3 2 7 6 7 3 9 3 6 4 6 9 6 9 4 1 7 6 3 5 1 6 5 5 3 5 3 1 5 8 9 7 1 3 1 5 6 9 2 3 6 1 1 2 9 1 7 1 4 7 5 1 8 3 2 5 7 3 7 3 3 7 8 4 1 4 5 1 5 5 3 1 3 5 5 9 9 4 8 3 2 3 1 5 4 8 5 6 6 2 3 8 1 3 9 6 5 4 8 7 3 3 6 4 6 1 3 5 4 6 9 1 8 4 9 9 8 2 6 4 3 1 9 2 5 4 3 3 5 9 4 1 7 9 2 4 6 5 9 7 8 8 4 5 4 7 5 5 9 1 8 2 1 5 9 8 5 6 8 7 1 9 7 1 8 9 1 8 7 5 4 5 5 3 7 6 5 5 6 3 1 5 3 7 1 3 6 6 7 8 8 9 4 5 8 4 5 9 2 5 6 6 8 3 7 3 6 1 8 7 1 2 9 7 6 1 1 6 4 1 3 8 4 1 6 9 1 7 9 6 9 3 2 7 8 8 4 4 6 2 6 4 2 7 4 6 6 2 5 4 2 2 3 2 2 5 1 3 2 3 3 8 2 7 7 2 6 7 8 2 3 6 1 8 7 9 7 9 3 4 8 2 4 1 3 6 7 6 7 5 8 9 5 6 2 9 2 1 9 8 2 2 2 4 1 3 5 5 4 2 8 2 6 5 6 7 7 6 2 9 2 6 4 7 6 4 1 4 9 9 2 4 7 7 3 8 7 5 5 7 6 8 5 7 8 1 9 2 8 5 6 6 8 2 1 7 3 1 1 7 3 6 7 1 2 6 6 5 4 9 2 4 4 2 4 5 1 2 8 4 9 7 2 8 8 8 2 7 5 2 3 4 3 7 8 9 6 1 9 7 4 2 4 9 9 2 8 8 9 8 2 2 3 6 5 6 7 6 5 1 5 4 6 5 3 9 7 2 3 9 4 8 7 4 3 1 8 3 2 6 8 5 3 1 2 6 1 6 3 8 5 9 6 1 5 7 8 7 7 9 8 7 4 3 6 5 8 7 5 7 9 2 6 6 2 5 2 5 7 5 6 9 5 2 3 5 7 7 9 5 1 8 7 3 7 7 3 5 6 9 1 7 7 8 3 2 5 5 5 5 2 7 2 4 2 2 9 1 3 3 8 1 6 4 6 9 5 6 1 7 7 9 5 1 1 9 9 1 3 9 5 3 5 7 5 7 2 2 5 5 9 9 8 7 5 2 6 5 3 1 2 9 4 7 4 7 1 3 4 1 9 2 4 6 9 2 3 2 3 9 9 8 9 4 2 1 5 4 7 2 4 6 8 9 2 4 9 6 4 7 8 4 8 6 8 5 4 5 5 3 2 4 5 8 4 9 4 5 2 9 2 9 6 8 8 2 9 6 6 3 5 8 1 9 5 9 2 9 8 5 7 1 9 6 5 2 4 4 5 1 7 6 6 3 5 2 9 9 7 9 1 9 9 1 4 3 6 1 6 2 9 8 1 9 7 6 2 5 8 3 1 8 1 7 5 9 2 3 3 4 9 1 3 3 3 6 2 1 2 1 6 9 1 2 2 9 4 3 3 8 4 1 2 1 6 9 1 9 1 3 8 9 2 3 4 8 8 5 8 6 9 5 9 7 1 9 5 1 2 4 8 7 2 4 3 7 5 6 3 2 1 3 8 2 3 7 7 9 8 4 4 4 5 6 7 9 6 1 7 4 8 7 1 7 1 3 5 1 8 7 8 5 4 2 6 5 9 1 8 1 8 8 8 2 4 9 9 8 9 3 5 4 6 5 5 3 7 4 4 4 9 7 6 5 5 5 2 8 6 4 8 3 2 8 8 4 4 5 5 5 8 2 7 3 7 7 9 3 9 4 4 5 5 2 6 4 5 1 4 8 5 1 3 3 2 9 9 5 8 5 7 9 9 1 5 8 1 6 2 3 2 1 3 9 4 5 9 8 8 8 7 1 4 2 1 5 4 4 2 6 3 2 9 1 7 1 2 8 3 4 8 6 7 4 4 3 7 3 3 1 9 4 4 1 4 7 5 7 3 3 7 3 5 8 1 7 4 3 3 1 2 6 8 4 3 1 3 3 4 5 3 1 9 6 4 3 1 3 7 6 2 5 8 4 5 5 4 5 1 3 5 4 6 4 1 3 6 1 4 2 1 2 4 1 5 8 2 4 4 3 4 8 6 1 3 9 7 5 4 4 8 1 9 1 1 7 7 9 2 8 8 9 4 8 9 3 8 8 1 2 6 9 5 9 1 4 6 9 7 5 1 6 1 4 1 1 4 6 4 2 9 7 7 9 9 3 6 7 9 6 1 6 9 5 1 5 6 5 7 5 3 6 3 7 5 7 4 1 6 9 5 5 7 9 6 5 4 5 9 4 3 8 3 2 1 1 6 9 7 6 8 8 1 6 8 7 5 9 1 7 3 3 9 4 9 6 3 1 3 9 6 9 8 8 5 8 3 9 8 2 9 2 9 1 1 4 9 7 3 4 7 3 5 5 2 8 8 2 4 4 8 6 5 3 8 2 6 5 1 6 8 7 2 2 5 4 9 8 2 1 4 1 3 5 1 3 2 1 1 5 5 7 4 7 6 5 1 8 1 9 4 9 3 9 7 7 8 9 7 3 4 4 2 6 9 7 7 9 7 6 5 4 9 7 8 7 2 7 5 8 6 8 8 5 2 4 3 3 1 3 5 5 8 5 4 9 1 5 9 9 5 2 2 7 4 6 2 9 5 1 6 1 7 9 5 5 3 5 9 2 4 9 1 5 3 5 3 7 8 2 5 2 4 4 1 1 7 5 2 7 8 1 8 1 7 2 6 2 2 3 5 4 4 7 5 6 3 1 3 3 1 7 4 8 7 2 5 6 5 8 9 3 2 6 9 8 5 9 8 1 1 9 8 1 2 2 9 1 4 7 1 5 5 3 5 6 1 4 9 1 4 2 5 5 7 6 4 4 4 1 8 4 7 6 9 9 4 2 7 8 4 8 3 4 7 4 5 2 3 2 7 2 2 2 1 1 9 2 6 1 4 1 4 1 3 2 5 8 4 6 8 3 3 4 8 9 5 2 3 8 8 5 2 4 9 4 7 9 5 8 8 6 4 7 3 9 6 9 2 6 6 1 5 2 1 2 5 6 7 1 3 9 2 5 8 5 2 5 2 5 6 9 9 3 8 4 6 1 4 8 1 8 4 3 2 2 1 9 3 5 7 8 4 1 6 9 5 2 2 5 7 4 3 7 5 9 9 5 3 6 9 1 5 5 2 6 1 3 3 9 5 6 9 8 7 2 2 1 5 6 1 7 4 6 8 1 5 7 3 2 8 9 9 8 1 9 3 4 6 9 9 1 9 6 8 3 8 9 6 5 6 1 9 3 4 7 4 2 8 5 7 4 5 9 6 7 3 5 9 1 8 1 4 6 5 1 4 8 4 2 9 7 7 7 2 4 8 9 4 6 4 9 3 3 8 9 9 1 8 7 7 3 6 6 8 1 2 9 9 3 9 3 5 2 7 3 3 6 5 5 4 7 8 6 7 1 4 1 2 8 5 1 3 4 9 1 8 1 8 1 9 3 1 9 4 7 4 2 6 4 8 5 7 8 1 6 4 8 6 3 3 6 6 3 5 3 2 5 3 4 2 4 9 2 1 4 3 6 5 2 6 3 2 9 3 4 9 7 1 7 4 8 6 2 6 6 9 8 2 4 6 7 2 7 5 1 3 2 8 6 3 1 8 8 1 4 2 3 8 5 2 6 5 5 4 9 3 1 6 3 6 9 9 3 9 1 8 8 9 3 3 9 7 8 5 9 3 4 8 5 3 5 8 8 8 9 3 9 3 9 4 4 1 2 4 7 9 7 9 9 8 1 3 5 7 2 5 6 9 2 4 8 7 7 3 7 4 7 7 3 2 7 2 7 5 9 4 9 5 3 9 5 7
6 4 4 1 2 3 4 9 7 9 3 9 8 2 9 9 4 5 2 9 9 3 4 3 4 3 5 7 4 8 6 1 9 9 1 2 7 2 2 2 6 2 2 9 4 8 2 8 6 2 3 3 5 9 2 6 3 3 4 3 4 9 1 2 3 8 6 7 9 1 3 7 1 9 8 8 2 8 3 6 1 4 7 1 8 3 2 1 7 7 2 9 4 9 4 8 6 8 6 1 4 4 7 8 5 1 1 1 7 2 9 4 3 7 7 3 3 5 3 5 2 2 9 4 1 9 3 6 7 1 8 3 3 2 1 6 5 4 3 8 8 7 3 6 9 6 4 6 6 7 4 5 9 9 3 8 2 7 5 4 3 4 1 9 8 9 9 7 7 5 4 2 6 6 8 7 8 8 2 7 6 2 7 8 3 4 2 1 3 2 9 7 1 9 8 5 6 2 7 6 4 9 8 1 2 4 2 4 5 5 7 2 2 2 1 6 4 4 6 5 2 7 5 7 2 7 1 3 8 1 8 7 3 7 9 4 7 4 1 9 1 2 2 9 4 5 2 8 5 3 3 9 7 9 2 8 5 1 9 6 3 5 5 9 7 4 4 1 6 6 9 3 2 1 6 6 4 8 6 5 3 1 3 4 1 8 3 6 8 1 7 8 8 1 8 4 5 9 2 2 7 6 4 8 8 7 7 9 4 9 8 8 8 4 3 1 3 5 4 4 5 9 8 7 1 4 4 9 7 1 4 2 6 6 7 5 8 9 7 6 9 4 1 7 8 2 3 7 5 8 7 3 4 8 2 4 2 7 6 4 9 1 3 1 6 7 3 4 4 6 2 8 8 6 2 9 5 9 7 3 5 8 1 7 3 7 9 4 5 1 9 1 1 4 2 6 1 9 8 2 5 4 3 4 4 2 1 7 6 7 3 4 2 2 3 9 6 3 3 5 1 8 3 5 1 5 8 8 3 2 8 3 1 2 9 4 3 6 7 9 9 3 8 3 5 6 9 4 5 4 8 2 7 3 2 8 3 9 5 5 8 8 9 1 4 3 9 2 1 6 9 2 8 6 8 5 6 9 1 6 9 9 9 3 6 4 5 5 4 1 4 5 4 3 2 4 6 2 5 8 1 1 3 6 8 6 2 4 8 1 3 2 6 3 9 1 3 3 4 6 6 6 3 5 2 8 9 4 9 4 8 2 9 9 2 6 4 1 4 4 1 6 7 3 3 1 9 7 5 7 2 9 1 7 5 4 7 1 9 4 3 5 7 6 7 1 6 6 5 6 5 1 4 4 8 4 6 8 2 2 7 4 2 9 5 4 4 1 8 4 9 7 6 8 9 5 9 9 8 1 8 9 8 8 3 3 6 5 2 6 6 3 9 6 2 5 1 4 6 3 9 1 3 9 6 4 9 5 9 2 7 6 5 2 8 3 4 2 5 2 8 8 7 4 4 6 3 3 9 8 5 3 2 4 5 7 3 9 9 8 9 4 8 5 5 5 2 4 3 6 5 7 4 7 2 5 1 9 8 8 1 2 7 7 7 2 7 9 1 9 6 7 2 4 1 2 1 8 4 1 6 7 3 3 2 7 4 6 8 3 6 6 1 8 4 1 9 2 8 9 8 9 2 4 8 4 4 6 6 3 7 6 8 8 1 8 4 5 1 5 9 5 2 1 8 8 7 8 7 3 1 3 3 6 9 5 8 6 8 4 3 3 9 2 9 8 1 8 6 8 8 3 9 4 4 9 5 1 8 2 4 6 2 3 9 7 2 4 4 1 2 9 4 9 5 6 4 8 7 3 8 8 7 2 6 3 8 5 8 2 1 4 4 8 6 6 3 8 9 3 9 4 6 6 8 2 6 9 1 3 6 6 9 7 2 3 9 5 9 3 2 3 4 9 3 5 7 2 4 4 8 8 2 8 3 9 4 9 8 5 9 4 8 8 3 6 1 3 8 5 4 4 8 4 3 3 9 2 1 2 9 6 9 2 9 3 9 4 9 6 7 5 8 1 5 5 6 8 9 2 7 6 7 9 2 8 7 9 7 4 8 2 5 1 5 7 7 1 4 6 4 8 9 3 5 3 3 3 9 5 8 5 7 7 2 5 9 8 7 9 7 8 2 2 4 7 9 9 5 7 5 1 5 4 6 6 8 8 2 2 1 4 2 2 7 4 1 1 6 5 8 3 3 1 1 7 4 3 5 2 1 6 4 3 1 4 7 7 9 5 5 4 1 2 4 4 8 7 4 8 8 3 8 4 1 1 6 7 4 8 6 7 8 8 5 7 9 8 3 4 4 6 8 3 2 7 6 2 7 6 9 2 9 3 1 7 6 4 8 9 5 2 8 9 6 3 5 4 5 8 3 2 4 8 3 5 6 1 7 3 8 6 2 5 1 4 7 7 5 8 5 8 8 4 9 3 7 8 5 5 8 8 7 6 7 1 8 2 8 6 2 8 4 5 8 9 4 7 1 2 2 6 7 8 2 4 8 7 7 3 5 4 3 6 2 9 3 8 3 7 6 6 9 2 8 2 1 5 4 6 7 5 7 8 4 8 1 6 9 4 6 7 6 9 1 1 1 1 4 3 5 4 4 2 9 6 3 2 4 9 7 5 5 1 4 2 4 1 1 9 8 9 7 4 3 8 9 3 2 6 7 8 5 2 1 9 5 2 4 5 6 5 2 5 8 4 1 7 3 9 7 2 2 7 4 4 8 2 7 8 3 4 8 1 3 3 3 5 3 6 4 3 7 8 5 5 4 1 2 9 9 8 5 9 3 1 6 4 8 3 5 7 8 4 4 4 4 8 9 1 6 2 1 3 1 4 3 3 1 1 6 6 3 9 1 7 5 5 4 3 4 4 1 7 9 6 3 3 5 6 1 6 8 5 8 7 9 7 5 9 6 8 8 6 1 8 6 8 7 3 5 8 3 4 9 4 6 6 8 5 3 6 2 8 4 4 8 9 1 1 9 7 1 6 7 9 7 2 5 2 1 1 6 3 6 4 9 6 4 7 6 6 6 9 1 2 9 7 1 4 7 4 1 5 5 6 5 3 5 9 3 8 7 1 7 6 7 1 4 5 1 3 7 8 8 9 2 2 5 1 4 1 8 1 2 4 6 6 6 2 6 8 1 3 6 3 6 8 7 3 5 7 8 8 9 2 4 2 9 9 7 2 8 9 7 9 8 2 7 1 1 1 6 5 9 1 2 9 9 3 9 5 1 9 9 6 7 3 4 6 6 5 5 7 9 2 4 3 1 3 2 4 1 5 9 4 2 7 3 5 4 9 5 6 9 7 6 9 1 4 3 8 9 4 5 7 3 3 7 6 9 8 5 8 5 8 4 1 8 9 1 5 6 2 3 9 3 8 3 7 5 3 3 8 5 1 8 4 9 2 8 7 5 8 8 7 4 9 8 8 9 7 7 3 6 9 9 8 3 6 4 1 9 8 4 6 7 1 8 2 8 9 4 6 8 3 4 1 4 3 9 9 6 100000000 7 6 1 5 7 6 9 7 8 8 6 8 4 5 9 6 9 7 1 6 5 1 9 1 4 8 7 5 6 7 5 5 3 7 6 3 2 5 7 9 6 5 6 7 5 9 4 6 1 7 9 4 9 7 9 6 4 4 5 3 7 1 9 9 6 3 7 7 5 2 2 2 6 2 7 1 8 3 4 5 5 3 7 8 2 5 4 9 3 9 8 7 8 3 8 3 5 6 9 4 4 1 1 6 6 8 7 4 3 7 5 7 7 4 5 9 6 7 2 8 5 9 8 2 9 6 3 1 8 1 9 7 7 9 7 9 9 6 3 3 1 4 8 6 9 1 9 9 7 6 6 7 4 4 9 8 9 5 7 2 2 4 8 5 6 8 4 2 8 2 7 2 8 1 7 6 3 6 7 4 3 5 7 3 2 6 9 3 3 2 1 5 2 5 5 8 6 3 1 9 8 6 4 7 3 2 5 9 8 7 2 6 2 1 9 9 2 3 5 9 5 7 8 5 1 7 7 2 2 2 6 6 5 2 5 6 4 9 3 2 3 8 5 8 9 3 5 6 9 2 2 4 5 2 7 9 3 8 1 4 3 8 3 6 2 4 3 7 4 2 8 1 1 8 2 1 2 1 1 1 5 4 4 4 3 4 7 1 8 8 5 9 9 4 2 3 1 1 4 9 9 2 7 3 3 7 4 6 5 1 6 8 2 7 6 6 6 4 4 9 2 6 2 7 6 5 6 1 5 4 1 8 6 7 5 2 9 6 2 7 3 2 6 8 5 8 3 7 5 9 1 6 4 3 3 3 1 7 4 8 3 9 2 1 4 8 5 9 9 1 9 2 7 4 3 6 1 5 8 2 1 2 3 1 2 8 2 5 2 8 5 8 2 8 8 7 9 2 3 1 8 5 1 8 1 7 5 2 7 5 9 7 5 1 3 1 8 4 7 7 1 4 3 1 5 5 8 1 6 6 8 6 3 4 3 8 2 8 8 6 9 6 2 1 8 3
9 5 9 8 3 9 1 8 4 3 9 6 2 1 1 1 5 4 3 2 7 9 1 1 9 6 6 2 2 6 9 1 6 1 3 2 7 7 8 5 7 6 7 5 6 3 7 8 8 1 3 2 4 1 4 6 1 4 4 3 5 9 9 5 7 3 7 5 4 4 8 8 5 4 5 4 3 2 8 8 8 9 1 3 7 6 3 8 9 5 9 7 5 6 2 7 6 8 3 2 2 7 3 5 2 5 4 6 9 2 5 1 1 6 8 8 7 6 9 7 8 9 6 2 4 9 5 5 9 7 2 2 1 8 5 3 5 8 9 2 3 9 3 4 7 9 6 7 7 3 3 7 2 1 6 1 5 1 6 3 3 1 1 9 2 4 6 7 5 4 9 4 2 7 5 6 5 1 2 9 1 7 3 9 2 6 8 6 5 5 1 9 7 3 7 8 6 9 3 4 2 7 1 4 8 2 5 9 3 8 5 5 9 5 8 1 3 7 3 3 4 9 1 3 4 9 5 4 2 1 1 4 8 4 2 4 5 5 5 3 3 3 2 4 4 2 1 5 1 7 1 5 2 6 9 4 4 7 5 1 2 5 4 1 2 5 6 4 8 4 5 3 5 6 2 5 2 8 2 6 2 8 5 8 3 5 2 4 4 4 9 5 1 7 5 2 4 7 9 4 1 6 8 6 7 6 2 7 5 6 3 1 5 8 7 2 7 8 2 3 4 3 4 8 9 8 3 1 7 8 8 4 8 3 2 3 2 8 6 4 3 4 9 7 5 4 8 8 5 6 9 9 7 7 4 9 7 3 7 8 5 4 5 3 8 1 9 7 5 8 9 2 7 2 6 1 3 8 4 2 3 4 3 7 4 1 2 5 4 3 6 9 8 2 2 2 5 4 6 7 3 8 9 5 5 7 8 1 1 6 6 7 9 7 2 1 3 5 1 3 1 5 9 5 5 3 3 7 4 6 9 8 4 2 3 2 5 8 4 9 7 6 6 9 1 4 2 5 8 6 3 2 7 5 6 4 3 5 2 9 8 3 6 4 9 9 6 6 8 5 6 2 9 1 8 7 2 4 9 1 1 6 1 6 9 1 9 9 1 7 5 6 5 5 6 7 8 7 1 2 2 9 7 1 9 5 7 5 4 9 4 9 8 5 9 9 1 9 1 2 4 4 3 4 4 8 9 8 6 8 8 1 5 5 4 8 3 8 4 3 2 7 9 8 3 9 6 7 9 6 3 7 1 8 7 1 1 4 2 8 9 3 3 7 5 5 3 7 6 1 5 9 8 6 2 9 8 8 1 2 7 3 6 9 4 3 8 7 8 4 3 1 6 8 1 6 9 6 3 2 5 1 1 5 4 5 2 2 7 5 8 2 1 9 7 6 4 1 2 1 7 2 3 4 8 1 8 5 2 2 7 7 9 7 3 5 2 1 7 7 3 8 1 3 6 3 7 1 9 8 9 2 4 7 4 4 4 8 2 8 5 9 6 1 6 7 9 1 8 8 5 1 2 9 6 1 1 5 3 9 7 1 1 5 3 3 9 8 9 7 2 6 8 2 3 2 9 9 8 2 1 9 6 2 2 4 5 6 3 8 5 8 1 5 7 8 2 5 3 1 3 6 3 8 9 8 5 3 6 2 4 5 8 6 9 5 9 5 9 1 8 9 2 9 6 7 5 4 3 6 8 3 6 1 7 4 6 5 2 1 4 5 1 4 8 2 5 2 1 6 7 8 8 8 5 4 1 7 2 7 6 4 3 3 6 8 2 2 8 4 4 5 7 9 5 7 6 4 5 2 7 4 4 7 8 8 5 1 3 2 9 5 3 7 8 2 7 9 1 2 7 5 8 7 7 3 8 6 5 7 5 2 9 3 7 3 6 4 9 9 7 2 4 3 4 4 5 2 2 5 5 6 6 3 4 1 9 1 3 5 8 4 9 6 6 1 4 3 7 9 6 1 4 5 7 8 5 6 4 4 4 2 2 5 5 8 5 8 6 3 6 3 1 4 8 8 7 3 8 2 2 3 2 3 8 1 9 5 1 4 6 5 2 3 8 6 3 5 5 8 4 4 1 4 8 3 9 4 5 5 7 9 7 3 2 7 5 7 8 4 3 9 2 9 3 7 5 5 2 5 9 7 7 6 8 1 7 7 8 6 5 7 1 4 9 4 4 6 5 9 1 3 1 7 4 9 8 3 6 2 4 9 8 9 6 6 5 5 8 5 4 5 6 3 2 6 1 2 1 9 5 9 2 5 4 3 9 7 6 1 3 9 3 9 9 9 7 7 9 2 5 4 9 5 1 9 4 5 7 6 5 6 8 4 8 3 5 2 5 6 3 1 6 5 5 2 7 2 5 6 8 9 9 5 7 1 6 8 3 7 4 4 6 9 8 4 3 7 1 6 5 6 8 4 2 9 6 6 9 8 3 7 8 2 3 9 1 4 9 3 5 2 8 8 2 3 6 7 8 1 7 1 4 7 9 4 1 7 3 2 2 7 5 1 9 1 8 4 9 3 3 5 2 7 6 9 3 5 3 6 6 4 2 6 8 3 4 1 4 2 2 3 9 7 4 5 5 7 1 2 6 8 6 1 4 9 4 6 6 9 8 1 1 4 1 2 8 8 3 3 4 5 7 6 8 8 2 8 4 4 2 1 4 5 4 1 6 9 8 5 5 8 2 3 6 2 9 8 9 4 9 8 2 7 9 6 2 7 1 3 8 8 6 7 5 6 9 1 3 4 1 9 2 4 5 9 5 2 4 2 8 4 6 6 2 4 1 3 6 2 1 9 6 4 7 8 4 7 2 7 6 4 3 8 2 6 9 1 5 5 1 9 1 9 5 7 5 1 5 9 6 6 5 2 7 1 5 8 9 2 7 6 4 7 1 1 1 4 2 8 4 8 6 5 5 7 1 4 1 4 7 3 1 6 7 6 3 7 7 5 6 9 4 9 4 3 3 2 4 7 4 9 4 2 7 1 3 3 6 7 8 6 3 5 8 9 6 3 7 5 5 4 4 9 9 4 3 4 8 7 4 7 5 8 9 8 6 3 2 9 9 6 3 8 5 2 8 2 1 1 3 8 4 9 4 1 7 7 2 8 3 7 6 8 5 5 1 1 4 8 7 6 6 2 4 3 1 9 9 2 3 5 8 2 6 9 9 4 1 7 5 8 3 8 8 1 7 9 1 2 9 2 6 9 5 1 9 4 3 9 6 3 9 8 4 5 3 4 9 9 9 5 9 2 2 1 8 7 4 2 3 8 4 8 4 5 4 4 9 1 6 2 3 8 8 2 5 6 5 6 9 6 8 7 1 2 1 6 3 4 9 3 6 6 9 3 9 9 9 9 9 7 8 4 5 4 8 5 8 3 9 8 8 1 9 9 9 1 1 3 2 6 9 7 9 2 8 8 8 5 8 7 8 4 3 5 9 8 9 8 4 9 5 8 3 1 3 2 3 4 6 9 6 9 3 7 8 8 8 8 1 7 4 4 8 3 6 5 8 1 4 3 8 6 5 8 1 5 8 3 4 4 5 3 8 7 8 3 9 5 4 6 9 9 5 5 6 4 6 8 1 6 9 8 5 7 7 9 1 2 6 8 4 8 8 9 3 1 6 3 7 6 3 5 4 4 9 8 3 8 4 9 8 8 2 6 2 9 2 2 8 9 8 6 2 5 4 8 7 9 2 7 5 6 4 6 1 9 7 2 9 3 5 2 7 6 9 6 1 1 2 8 4 4 1 1 5 6 6 2 2 7 5 5 5 3 8 1 4 2 3 9 2 8 9 7 3 7 4 1 5 6 8 2 4 4 6 7 4 8 1 4 2 5 7 7 3 8 6 7 9 7 8 9 3 6 3 7 5 1 8 9 2 9 2 6 2 4 5 9 5 6 1 2 7 2 2 3 5 2 7 5 7 8 2 6 2 6 9 3 9 5 3 1 4 3 8 8 4 8 2 3 9 2 1 5 5 3 8 8 9 4 5 7 4 3 9 3 7 2 3 8 9 1 8 3 1 9 3 5 4 1 8 5 4 1 6 5 3 3 9 5 9 2 8 2 9 5 7 5 5 9 3 1 4 8 2 2 4 5 9 6 4 7 1 8 9 3 4 8 2 2 6 2 5 1 6 6 4 4 6 4 1 3 2 5 3 4 3 6 1 6 7 7 6 1 8 5 7 7 2 7 6 4 4 4 6 1 4 2 5 7 7 4 8 5 8 4 5 9 6 3 1 3 4 1 7 3 1 7 7 9 6 9 9 5 6 4 4 6 7 1 5 1 2 4 8 5 3 7 2 6 5 9 1 4 8 2 8 2 7 6 4 8 9 1 3 4 1 3 4 4 2 1 9 3 9 2 4 3 4 3 7 5 9 2 9 1 5 4 3 2 2 1 4 5 1 9 9 8 8 8 9 2 9 2 1 5 6 6 1 1 3 9 7 5 9 2 1 2 9 4 7 2 8 3 3 7 5 2 7 8 1 9 9 5 9 6 7 6
2 9 5 3 8 6 3 7 6 8 9 7 8 8 8 7 4 7 4 7 2 5 8 5 5 8 7 4 5 9 7 5 4 7 2 8 1 5 8 7 9 7 9 3 8 7 2 2 4 6 3 4 2 8 5 7 9 8 9 6 6 1 8 8 5 7 7 3 5 1 6 2 1 9 4 3 9 4 3 9 6 7 7 3 7 4 9 6 2 2 2 1 5 5 9 1 6 5 8 7 9 3 7 7 6 2 8 2 4 8 1 2 7 2 4 2 5 8 8 1 3 1 9 7 7 5 3 8 3 5 5 2 9 9 1 9 8 4 1 7 7 4 8 8 2 9 2 7 5 6 2 9 5 1 5 5 4 3 5 4 3 3 1 9 8 4 4 5 8 2 8 1 7 6 3 3 2 3 3 9 2 7 4 3 1 1 9 4 6 7 7 5 3 4 4 4 5 4 1 8 7 6 5 3 7 1 9 3 2 3 7 8 2 7 9 6 1 6 1 6 9 7 9 2 3 4 1 7 9 3 2 3 6 3 5 3 4 3 3 8 1 3 2 6 8 6 4 7 2 7 6 2 6 2 3 7 7 7 6 6 6 2 8 1 9 9 2 3 8 4 4 7 6 5 5 4 5 8 7 6 6 3 2 4 5 7 1 7 5 6 6 3 7 8 9 4 1 3 3 6 5 9 9 2 4 6 2 2 9 1 8 2 6 2 3 2 6 7 4 6 4 4 2 7 5 2 9 8 5 2 6 9 5 6 4 9 1 2 6 9 6 6 9 2 5 9 8 5 4 6 3 4 3 4 4 7 6 8 7 1 9 9 8 6 4 1 9 9 4 1 3 2 2 8 2 9 7 2 1 8 1 1 3 6 8 1 5 7 1 5 3 4 2 2 1 1 1 9 9 4 5 8 6 9 5 8 1 4 2 6 8 4 8 4 2 5 9 4 1 8 3 3 4 4 1 4 9 6 1 7 8 5 7 1 8 5 9 9 6 2 1 9 3 6 2 7 9 2 2 5 4 4 7 4 4 5 2 7 7 9 5 5 9 1 4 7 4 9 3 2 2 4 6 1 1 8 8 8 4 4 4 6 3 6 4 3 8 6 1 1 9 6 4 1 7 4 8 2 9 1 1 3 7 7 9 8 4 6 1 7 3 5 4 5 5 9 8 4 4 6 9 8 9 8 5 6 8 2 4 6 8 6 1 5 5 2 9 5 1 4 1 4 4 5 9 1 4 1 7 6 7 8 8 6 7 8 4 4 6 5 2 9 3 9 1 5 8 6 7 6 6 8 6 4 7 4 8 9 1 2 4 2 6 3 8 6 8 7 1 4 2 6 8 2 2 8 5 6 3 9 3 9 7 9 9 8 7 6 7 7 7 3 5 1 9 5 2 5 6 4 5 7 1 3 5 4 9 2 9 8 5 2 8 1 1 2 9 2 7 5 2 9 7 3 8 9 1 3 2 6 2 8 7 9 4 2 6 5 6 7 7 4 9 7 9 6 6 9 5 9 8 8 5 7 7 2 8 2 7 7 6 1 3 9 8 5 6 7 8 9 3 2 2 7 9 9 5 6 8 7 8 3 9 7 7 8 9 5 8 9 9 9 8 9 3 4 8 5 2 2 7 7 2 5 3 6 8 3 1 9 2 2 2 1 7 7 8 3 9 3 7 5 9 1 9 6 2 1 8 6 7 6 2 5 7 6 4 4 4 2 2 2 5 2 2 5 6 5 4 3 8 2 5 8 6 1 4 7 7 6 5 2 4 1 4 5 5 7 9 9 8 6 2 6 4 7 9 3 4 7 1 4 5 6 5 2 1 6 7 5 7 9 5 7 8 8 8 4 6 9 2 3 4 3 4 4 7 9 4 9 5 7 7 1 2 6 4 1 3 3 1 7 4 6 6 8 4 9 1 9 9 2 7 5 3 5 3 9 3 8 5 6 4 8 4 5 5 8 2 3 1 6 1 6 1 8 2 6 1 7 7 8 4 2 2 3 5 5 7 3 7 3 4 1 2 4 2 5 8 9 1 2 7 1 4 6 8 7 7 2 2 6 6 6 5 6 8 9 7 1 4 3 6 1 1 8 1 4 8 1 5 8 6 2 6 5 5 3 9 8 8 6 9 4 8 9 3 7 6 2 8 4 7 8 4 5 6 4 3 5 7 4 2 4 3 1 6 7 6 1 1 6 2 4 5 7 5 1 9 5 9 4 9 3 9 2 3 5 1 2 5 6 6 3 4 8 3 8 9 9 1 7 7 9 2 8 6 5 7 2 4 3 4 9 8 2 1 6 6 2 6 3 4 1 2 3 9 5 4 4 6 3 2 7 2 6 1 7 9 1 5 9 2 9 1 7 4 6 8 4 6 3 2 5 4 8 8 8 3 7 2 2 9 5 8 6 6 3 5 9 1 8 4 7 8 7 5 9 9 3 8 4 9 9 2 9 6 8 2 6 9 9 7 2 1 2 4 7 4 5 6 9 3 7 7 9 9 3 3 6 1 2 4 5 1 5 8 2 4 7 5 2 7 9 3 6 8 2 2 2 4 2 7 7 5 8 7 8 2 3 9 2 8 1 1 8 8 6 5 4 8 8 3 2 1 2 5 6 9 6 2 2 6 3 6 9 7 4 9 5 9 9 8 6 5 6 2 4 5 9 9 4 3 2 3 1 5 3 9 6 2 4 5 1 6 8 6 8 8 2 8 4 7 5 5 7 9 2 8 6 1 8 8 3 9 5 8 7 8 1 6 5 3 2 4 2 9 2 2 1 9 5 4 4 7 6 5 1 5 4 3 9 9 3 5 4 6 6 3 9 6 2 5 1 3 4 4 3 1 4 4 2 3 8 4 6 7 6 7 7 4 3 6 3 8 1 7 3 1 1 4 4 1 6 9 6 5 9 6 4 4 9 1 6 9 9 2 2 8 7 6 3 9 5 8 8 9 3 7 4 2 2 5 9 9 2 4 4 8 7 3 7 7 9 2 9 3 7 6 4 6 2 1 2 2 7 7 6 1 1 7 7 1 8 7 7 2 3 7 9 8 5 4 2 7 2 1 5 5 2 9 1 9 2 2 2 7 4 6 2 9 6 5 3 3 9 7 2 3 5 2 7 7 3 7 1 1 8 8 1 3 1 9 5 6 8 6 8 6 7 7 7 2 7 1 7 4 3 1 1 8 7 1 2 4 2 2 7 3 4 9 4 7 3 5 2 3 1 4 8 3 5 1 7 1 7 5 6 6 6 7 5 3 4 3 6 3 7 2 1 5 5 7 1 9 5 6 4 6 4 3 4 2 4 2 3 9 1 9 8 9 3 7 4 7 1 6 5 4 1 5 8 2 4 5 5 2 7 2 5 9 9 5 2 6 6 4 1 8 9 2 6 3 1 4 2 5 1 2 1 1 6 7 6 6 3 4 9 1 2 1 1 7 9 2 9 1 8 9 7 8 5 2 6 1 6 3 5 5 4 5 1 4 9 4 7 1 5 9 9 8 6 8 7 9 5 2 6 7 4 1 2 3 1 8 8 8 6 4 5 9 3 6 3 2 3 1 5 6 9 3 3 1 1 6 5 1 2 7 4 8 4 8 5 8 1 2 8 4 7 6 3 2 5 9 9 4 9 5 5 1 3 6 1 8 8 1 4 5 4 4 2 8 1 7 4 4 9 6 3 3 8 3 5 7 9 7 9 7 1 8 2 9 5 3 2 4 6 1 2 5 3 7 5 6 3 9 1 3 4 6 4 5 2 1 3 9 7 3 8 5 6 9 5 1 8 3 9 9 8 5 9 8 9 4 1 6 4 2 6 7 8 7 2 8 2 7 3 6 4 1 4 5 8 3 6 1 4 3 1 8 4 5 8 5 7 2 9 8 8 8 8 3 6 8 9 5 7 1 4 2 5 8 8 1 9 7 1 6 1 5 5 3 7 6 1 6 9 2 3 8 6 2 6 2 2 9 8 9 4 1 6 7 7 3 2 7 6 3 1 1 4 1 6 8 7 9 8 1 5 7 9 4 6 6 6 1 9 1 4 2 6 6 9 9 6 9 1 5 4 5 3 8 6 5 4 3 6 2 1 6 6 7 6 2 3 3 4 2 4 6 1 3 6 6 5 9 6 4 5 8 6 5 3 9 8 7 8 9 9 5 6 1 9 1 1 4 1 7 4 1 4 4 7 4 7 9 3 7 8 8 9 2 7 3 2 1 2 4 9 6 4 5 8 6 8 8 3 6 5 6 7 1 6 6 1 3 8 7 1 4 7 4 5 2 5 1 6 2 9 9 5 6 1 7 2 4 2 9 9 7 4 8 9 4 4 9 1 9 3 4 2 2 3 2 2 2 8 3 6 7 3 4 2 9 3 5 6 1 6 3 2 5 6 9 7 6 1 7 8 5 8 4 5 1 2 6 6 6 5 8 5 1 8 2 6 5 4 4 1 4 2 2 8 4 8 4 7 3 4 3 7 1 9 3 6 3 9 8 4 9 2 6 1 8 1 1 5 3 3

23 75 56 35 1
7 7 4 1 2 9 1 5 5 6 2 3 6 8 7 9 2 6 7 9 6 2 1 8 8 9 7 2 9 5 1 4 5 2 6 9 7 2 3 9 8 4 6 8 8 1 3 2 7 5 1 9 1 9 8 4 3 7 9 9 7 5 4 3 3 2 2 8 5 6 8 6 8 2 1
7 6 5 1 5 8 2 3 1 4 9 7 1 6 7 8 9 7 6 1 1 2 6 1 6 9 1 5 6 7 9 9 4 8 4 2 8 7 5 3 4 1 1 1 4 3 8 7 8 2 1 8 3 4 9 1
7 4 5 5 6 8 5 9 9 2 1 7 3 2 6 5 1 8 8 3 4 2 3 1 5 9 2 9 8 2 5 4 9 5 4
1

22 79 66 31 69
6 1 8 7 4 7 2 6 7 4 4 3 8 1 7 1 2 3 2 5 1 3 9 2 1 7 2 8 7 7 4 8 4 8 4 1 9 5 8 3 6 6 4 5 1 8 2 9 9 9 2 9 9 9 4 7 9 6 6 4 6 1 8 7 2 4 2 7 8 1 7 1 9 3 3 7 4 8 8
9 1 1 5 8 8 8 3 6 2 9 9 3 7 5 4 1 4 9 5 4 6 6 2 6 2 6 9 9 9 9 4 8 5 4 9 2 9 4 5 7 6 3 6 3 5 9 6 4 5 9 2 2 2 5 4 7 9 7 3 1 5 5 5 2 4
3 5 1 6 5 9 4 5 1 5 5 4 1 8 7 5 9 8 3 5 9 7 8 2 7 5 1 6 2 7 3
9 7 4 2 9 5 2 3 8 5 7 2 7 2 9 4 3 2 9 4 7 1 2 5 4 1 6 4 2 2 7 8 6 4 2 9 6 6 7 8 8 2 3 5 7 6 6 7 1 8 3 5 1 6 1 9 5 5 5 7 9 7 8 8 7 4 4 3 9

19 27 100 88 22
3 2 1 9 2 3 1 1 8 6 1 1 1 4 2 2 5 2 1 4 1 5 4 8 7 2 6
6 6 6 3 8 9 6 4 1 6 4 6 9 8 6 1 1 6 8 1 3 9 4 4 6 7 8 5 2 2 8 5 2 6 2 7 3 4 7 7 5 6 1 3 7 8 3 8 3 6 1 5 9 1 8 4 1 7 2 2 7 3 8 7 6 3 5 8 8 5 1 4 8 5 5 5 4 1 2 3 3 7 5 4 9 6 2 8 1 4 3 5 2 1 5 4 8 6 7 5
4 6 6 5 5 2 3 3 4 7 3 9 3 2 6 7 8 8 5 6 1 2 3 5 6 4 6 2 9 8 3 8 2 8 6 6 4 7 8 4 1 8 6 4 4 9 5 4 6 6 4 5 3 5 8 7 9 5 1 8 3 7 6 2 8 6 9 4 1 6 5 8 8 9 6 8 8 6 5 6 1 5 8 7 8 3 4 3
6 9 2 8 8 100000000 5 9 7 3 6 4 4 6 4 8 1 1 2 7 1 9

19 38 74 37 36
1 9 4 3 4 9 8 7 9 1 3 8 9 6 100000000 8 2 6 1 8 7 6 8 6 1 9 5 2 7 5 6 1 6 6 2 7 9 5
3 2 6 4 9 8 3 4 1 1 9 4 8 8 8 3 1 1 4 6 9 3 4 8 4 1 6 6 1 9 1 7 9 1 4 4 7 4 1 8 6 3 4 8 2 2 1 6 5 5 8 4 1 6 2 4 1 9 5 5 4 7 1 7 4 6 4 3 6 4 7 8 7 6
9 4 6 4 8 8 3 6 3 7 2 1 8 1 6 6 9 8 5 4 3 6 6 5 3 3 1 1 2 3 8 9 6 3 4 6 1
7 1 5 5 1 9 9 4 8 5 9 2 1 5 9 7 3 3 2 3 2 2 5 4 3 3 5 2 3 8 9 4 2 7 6 9

25 34 1 6 84
4 2 7 9 6 3 9 9 4 6 1 5 2 6 7 8 7 2 3 7 1 3 4 8 2 9 4 5 7 1 3 6 7 3
8
6 6 8 1 3 1
8 4 1 4 7 8 8 2 6 4 2 6 8 5 6 2 6 1 8 5 6 2 5 9 3 1 4 1 2 7 9 5 6 7 5 6 8 2 8 6 3 1 8 7 9 4 2 6 9 4 7 7 2 3 3 9 7 9 4 5 2 5 8 5 4 1 3 2 3 6 2 9 2 2 1 9 4 5 2 1 6 4 1 8

25 88 29 93 15
4 7 6 7 7 4 8 2 8 3 1 5 9 1 5 5 7 8 9 3 3 9 1 9 7 1 9 1 9 4 3 6 3 2 6 9 1 1 9 4 5 4 5 2 3 1 2 2 5 9 6 1 9 6 9 7 4 6 4 6 8 3 5 1 9 4 2 9 9 6 2 5 5 2 5 1 3 7 4 3 3 5 2 3 1 4 4 2
7 1 8 6 5 4 3 7 7 7 6 4 7 5 9 7 3 2 6 3 8 8 8 5 5 1 3 5 8
6 1 5 1 6 5 5 2 8 3 6 2 2 7 5 5 8 9 6 7 4 6 5 4 4 4 1 5 1 4 8 2 1 1 2 1 3 6 8 4 4 1 1 9 4 5 8 1 8 4 9 6 7 4 7 2 3 1 9 9 3 9 2 5 9 9 3 9 2 8 6 9 5 4 6 9 2 6 4 1 9 1 7 4 1 8 4 6 3 9 2 8 5
1 9 5 6 6 2 8 6 3 4 4 2 1 1 3

17 80 52 73 33
9 5 9 4 3 1 6 9 1 9 5 8 7 6 1 8 2 1 7 6 2 8 5 1 4 100000000 7 2 1 1 8 4 2 8 1 1 8 7 5 7 9 5 7 8 4 2 8 1 3 9 5 6 3 8 5 6 9 6 2 9 1 9 8 7 1 8 6 5 3 4 1 6 7 4 7 4 7 7 3 6
7 5 3 2 7 6 5 3 8 8 1 8 6 6 4 6 8 4 9 3 2 4 9 4 8 6 7 5 7 4 5 2 7 9 9 5 3 7 3 1 1 8 4 2 5 2 6 5 5 8 1 4
3 1 2 8 3 1 1 8 8 6 9 9 4 3 7 5 4 6 4 4 4 7 6 9 6 4 6 9 6 5 7 8 7 5 5 6 1 1 2 4 6 4 4 8 7 1 3 5 8 7 5 1 7 4 4 2 2 3 9 9 9 9 5 4 2 1 3 5 4 8 7 7 7
8 8 7 4 2 6 6 1 9 9 4 4 7 4 7 4 2 6 1 6 8 1 9 7 5 4 2 2 7 5 4 7 8

19 12 92 85 32
7 2 7 4 5 3 2 4 6 1 6 3
8 9 7 2 8 5 9 6 9 2 5 9 4 9 4 4 9 1 6 5 7 9 5 3 2 2 6 4 1 3 8 5 5 7 2 3 7 2 6 5 2 4 1 2 9 7 9 2 4 3 2 5 3 6 3 4 7 6 3 6 1 5 9 9 9 6 3 5 1 6 4 1 2 7 9 6 8 6 3 7 9 7 1 9 3 7 5 1 8 2 3 3
1 3 6 2 4 3 7 7 2 4 1 1 9 6 1 2 9 8 2 2 3 9 6 9 4 2 2 3 6 9 6 3 3 2 5 9 3 8 7 1 6 3 4 5 6 8 4 8 7 7 4 5 3 5 2 2 3 4 7 7 9 9 6 9 8 1 2 5 3 6 2 2 4 3 1 2 7 2 2 1 1 1 8 2 9
5 4 2 5 6 4 4 4 5 3 6 4 1 4 8 7 2 7 6 2 2 2 5 2 1 7 2 9 4 1 4 7

22 16 68 79 50
6 1 2 4 6 4 1 8 1 7 7 4 5 1 9 6
3 5 8 6 7 6 1 7 6 3 4 3 5 2 4 8 8 4 8 1 3 3 7 7 9 2 6 2 6 3 3 4 9 9 9 2 1 3 8 9 6 7 1 1 1 4 3 7 6 1 5 9 5 2 8 4 1 4 9 9 3 9 9 6 7 7 5 2
2 8 6 6 9 6 3 5 2 7 9 8 8 6 1 1 1 7 5 4 7 7 5 1 3 8 9 5 5 8 2 5 4 4 9 3 8 3 8 4 7 6 3 4 9 1 8 9 3 7 7 7 5 5 1 7 9 3 8 9 6 8 3 6 7 1 8 5 1 5 9 2 4 9 3 4 8 7 8
5 9 8 5 3 8 6 2 6 9 3 1 2 7 1 9 7 2 7 2 4 2 8 9 2 6 7 6 5 8 5 3 2 7 3 9 4 6 1 2 2 5 1 2 3 2 1 3 5 1

9 56 29 50 94
9 4 3 8 7 4 8 8 2 7 8 6 3 7 8 3 3 2 1 1 1 5 5 1 2 6 2 3 3 7 5 4 2 100000000 4 6 2 8 9 2 9 6 3 5 2 1 5 4 7 6 9 4 8 1 1 3
3 1 8 9 5 5 4 8 8 6 2 1 5 3 5 4 1 1 8 3 7 5 5 3 2 4 8 1 6
4 5 7 4 6 3 5 8 4 2 7 4 1 3 9 2 3 7 6 3 2 7 5 9 8 1 4 3 8 1 7 4 2 2 3 7 7 1 3 8 1 4 1 3 4 3 2 6 7 9
5 7 2 8 9 9 6 9 6 6 5 7 9 4 7 5 8 1 2 1 7 9 6 2 7 8 1 9 9 3 8 2 5 1 1 8 8 1 9 5 3 5 3 1 6 9 6 4 9 3 3 7 9 9 7 9 7 2 9 3 5 8 6 5 8 1 6 9 8 4 8 2 8 4 1 3 3 6 7 1 3 5 7 8 1 8 2 5 5 5 4 3 6 4

16 90 54 77 32
8 6 2 3 1 4 6 8 5 4 8 9 3 9 3 9 8 8 9 1 3 9 4 8 5 3 3 6 7 2 1 2 6 3 100000000 4 4 8 1 2 9 7 3 8 6 5 5 3 7 4 5 1 8 3 4 2 9 4 9 7 4 6 5 6 5 1 8 7 9 9 2 9 1 9 3 6 8 1 9 6 5 9 3 2 2 5 3 9 8 7
8 6 4 2 8 5 1 9 8 3 8 9 3 4 3 3 5 7 4 7 2 9 2 1 4 9 2 7 8 8 4 8 2 1 1 4 1 7 4 7 3 8 7 8 3 5 4 3 6 3 3 7 5 7
2 3 4 1 1 9 1 3 1 4 9 7 8 8 2 7 3 9 1 8 3 6 9 1 5 4 2 5 7 8 9 6 3 7 1 6 9 1 4 1 6 4 9 2 6 2 8 1 9 5 3 3 4 7 2 7 4 3 8 3 9 5 9 8 1 3 8 6 8 9 1 6 9 2 1 8 9
4 6 6 5 7 2 4 1 5 8 9 3 3 8 5 9 3 9 1 5 4 4 5 8 7 2 4 5 9 1 8 6

21 17 11 75 24
5 1 8 5 7 6 7 9 2 6 1 2 8 9 2 1 7
9 1 100000000 8 7 6 3 9 5 7 3
8 5 4 9 2 3 8 1 8 1 2 4 1 7 2 4 7 9 8 1 1 1 4 1 5 8 8 3 7 8 1 9 6 1 8 9 7 4 9 7 6 9 3 9 5 4 3 7 5 3 3 4 8 5 8 8 7 1 8 3 7 9 5 6 5 8 3 9 4 3 9 9 1 9 3
4 9 4 8 6 5 3 3 9 2 1 7 2 6 1 7 4 1 3 7 6 6 5 6

21 1 64 23 82
7
1 8 1 3 4 2 2 3 3 8 3 7 5 3 7 8 8 9 4 2 3 2 7 9 4 7 6 2 9 3 9 7 2 9 6 6 1 7 8 4 7 9 9 5 2 1 3 8 3 7 6 9 8 3 5 4 9 3 8 4 5 9 2 6
2 9 6 9 9 8 5 4 9 5 5 7 1 5 6 4 7 3 5 7 7 5 4
9 3 5 5 5 5 5 4 4 4 6 7 6 4 7 1 2 3 1 7 9 3 9 2 2 9 7 6 3 5 1 8 6 7 7 3 5 9 100000000 7 9 6 4 6 5 3 7 6 5 9 4 8 9 2 9 4 7 3 2 8 8 4 2 3 7 3 4 6 6 2 9 5 4 9 2 6 4 4 7 6 8 5

19 91 81 77 95
7 3 9 6 5 3 2 7 7 1 2 5 7 9 8 9 3 1 7 5 9 5 4 2 3 2 2 3 3 1 5 9 7 3 2 1 6 8 2 8 3 4 8 8 4 2 5 4 6 8 4 8 7 8 4 7 5 9 4 8 5 9 5 5 6 5 5 2 2 8 6 9 2 8 1 2 6 2 4 5 8 9 8 5 4 4 7 6 6 7 2
3 2 1 9 3 5 2 5 8 3 5 8 6 8 9 2 1 3 8 2 8 9 2 8 5 8 9 6 4 8 2 7 6 2 6 1 8 1 8 1 2 5 1 9 4 9 2 4 8 7 8 6 1 7 7 9 2 5 8 3 2 6 5 5 5 1 8 1 8 2 4 6 8 4 5 6 6 9 7 2 6
5 7 6 2 3 2 4 5 3 2 8 3 3 1 1 6 6 8 1 9 8 3 9 6 6 1 1 7 3 5 2 1 2 5 4 4 2 9 9 2 7 4 3 1 3 2 7 1 6 1 9 4 9 7 8 1 4 4 3 9 3 1 2 4 5 3 4 2 6 5 1 3 8 2 2 9 2
2 5 9 3 5 4 1 6 4 3 3 5 1 5 9 6 3 3 4 2 6 4 7 7 1 4 4 1 5 5 6 8 1 3 6 9 5 1 3 5 1 1 2 9 8 3 6 4 4 6 6 8 4 9 5 6 1 7 8 4 6 2 7 8 4 9 2 2 8 6 8 3 8 8 9 9 6 9 7 8 9 4 9 7 7 7 5 8 4 5 8 5 4 5 5

23 73 58 24 59
1 2 2 4 1 4 8 2 1 5 8 6 1 5 4 1 4 8 4 6 6 8 9 9 2 2 1 3 8 5 9 3 3 7 7 8 2 5 9 7 7 4 7 6 5 1 8 1 7 1 5 6 8 5 7 2 2 7 8 8 9 9 5 6 4 4 8 2 1 3 8 5 2
9 7 9 3 3 2 5 8 6 3 9 7 1 2 3 4 9 4 5 9 6 8 9 6 3 5 8 6 7 9 2 6 7 3 6 6 6 3 3 2 1 1 5 9 4 3 3 7 8 1 4 2 6 1 5 2 9 7
5 5 4 2 2 6 6 9 6 4 9 4 6 7 9 6 9 4 3 1 7 6 4 2
2 1 5 9 8 8 9 4 2 9 6 3 8 5 1 3 2 3 7 7 8 2 3 1 9 9 8 2 2 1 4 1 1 2 2 4 2 9 6 4 1 6 1 4 8 9 1 8 9 4 5 1 1 3 2 7 9 4 8

22 9 77 27 18
1 3 7 1 7 4 4 9 8
8 8 8 3 9 1 6 1 9 1 3 4 4 3 5 2 3 3 5 5 7 4 1 4 9 3 7 8 2 8 1 2 1 8 1 5 2 4 4 9 2 5 4 7 1 6 1 7 2 5 3 6 3 6 7 7 4 1 7 1 2 5 2 3 9 2 8 6 4 6 8 4 3 4 1 4 8
6 5 2 7 4 2 5 8 5 4 8 8 7 3 8 1 8 7 1 9 6 1 4 9 9 7 9
1 8 6 5 5 2 100000000 1 1 1 1 4 8 8 7 3 5 5

26 28 94 57 66
3 7 8 1 3 4 3 1 3 2 6 5 3 6 8 8 3 7 3 8 6 6 8 9 3 4 9 8
9 5 7 5 6 6 2 5 9 4 7 5 7 2 7 1 4 4 9 8 1 2 4 5 6 4 8 1 7 8 1 3 6 6 2 9 3 9 7 6 4 8 3 2 8 9 3 9 1 3 8 8 1 4 9 8 5 7 1 6 6 6 2 1 3 3 6 3 1 1 6 5 9 3 7 5 7 7 1 7 8 2 8 2 1 4 9 1 3 2 8 3 9 6
8 8 9 5 9 4 1 4 8 6 6 2 5 4 5 1 5 8 5 1 4 6 1 4 9 9 6 2 4 4 5 1 2 7 2 1 2 2 6 3 7 1 5 4 5 4 6 5 7 7 8 7 4 7 7 4 8
7 3 3 1 7 9 2 5 6 4 5 6 1 5 1 8 8 9 3 8 4 9 8 9 4 1 9 1 4 2 9 8 7 8 9 9 8 7 6 5 4 3 2 3 1 2 6 1 3 3 4 7 4 4 6 2 6 3 6 3 7 1 6 7 3 4

28 74 79 10 2
7 3 1 6 4 6 6 3 7 1 8 6 1 5 7 7 6 4 1 4 6 2 7 2 6 1 4 8 1 1 9 1 9 3 2 2 4 9 2 1 2 5 7 2 4 1 2 2 3 1 4 9 8 1 6 7 1 2 5 9 4 4 8 4 5 5 6 4 2 6 6 1 6 8
6 1 7 2 9 3 1 9 5 3 5 2 1 7 4 9 8 6 5 5 5 2 5 6 8 3 2 4 7 9 4 4 4 6 2 9 8 2 2 2 6 2 5 2 7 2 5 9 2 3 3 1 9 5 5 1 3 2 3 4 1 1 9 2 7 8 8 4 5 1 2 2 6 9 5 3 2 9 9
2 4 8 6 9 8 2 3 1 5
7 7

32 24 74 3 62
8 5 4 4 1 4 3 3 1 7 7 7 7 4 5 1 6 9 1 4 4 5 6 7
9 2 8 3 7 1 7 8 4 4 7 3 8 5 7 7 8 9 6 8 2 1 7 6 4 6 5 4 8 8 3 2 7 4 2 3 2 4 3 1 3 7 7 5 1 9 2 6 6 5 6 7 3 7 7 6 9 6 3 6 6 7 9 1 5 4 3 4 6 6 4 4 9 5
8 9 8
7 7 5 7 5 4 7 9 2 9 6 8 8 5 6 5 2 4 6 3 4 5 6 6 1 4 5 9 1 8 2 6 9 3 7 4 3 8 4 2 3 9 9 4 7 3 6 4 8 2 2 6 9 5 4 3 2 1 6 6 8 5

25 23 11 40 38
6 1 2 9 3 1 1 7 3 3 4 4 7 7 9 3 3 3 1 4 6 5 3
1 7 3 6 9 3 3 2 4 7 8
9 7 4 2 8 6 2 8 9 3 9 4 2 1 2 8 9 5 6 8 3 6 8 7 6 2 1 8 2 3 1 8 4 8 6 1 6 3 2 3
4 4 8 7 7 3 100000000 8 2 6 4 1 1 7 8 6 9 1 4 8 4 3 7 6 3 4 9 1 6 8 3 8 9 2 2 8 5 1

19 42 17 50 70
1 8 3 1 6 5 1 1 6 3 2 3 2 8 7 4 9 3 7 8 7 5 9 9 6 4 6 8 9 1 6 8 2 3 4 3 8 7 9 6 9 2
8 1 8 8 2 8 2 7 6 9 9 6 7 7 9 8 6
9 4 7 7 2 5 7 7 7 3 6 5 1 6 2 6 8 2 3 3 4 7 1 1 2 2 2 5 5 1 8 4 5 2 3 6 2 3 7 7 8 4 2 7 7 3 3 6 9 2
1 9 2 7 7 6 8 9 2 1 5 2 1 4 1 9 2 5 9 4 6 2 8 6 3 8 7 5 2 9 7 3 5 1 5 7 8 2 6 5 2 9 8 5 8 7 7 2 3 7 5 9 2 8 8 4 8 9 4 4 6 3 9 6 100000000 9 5 7 3 3

100000000 39 4 95 93
8 9 9 3 3 6 4 9 8 9 6 6 8 8 7 1 6 9 7 9 9 5 3 7 9 6 3 9 3 6 3 6 4 6 1 7 2 4 9
7 1 3 100000000
5 5 2 4 5 1 7 9 1 3 6 5 9 9 9 6 4 4 1 2 8 2 9 7 7 4 4 8 9 1 5 6 5 6 3 3 4 8 5 7 5 7 8 3 5 3 6 8 6 4 7 2 7 7 5 9 8 9 5 6 9 1 8 6 8 9 8 7 3 2 3 4 6 5 4 5 5 9 2 8 3 4 9 8 4 7 2 2 7 7 6 3 4 9 1
9 8 3 2 3 3 5 3 8 6 4 3 7 9 4 8 4 2 6 7 3 6 4 4 8 6 4 3 5 5 5 8 3 3 7 1 3 2 8 4 1 4 6 9 2 7 5 1 8 4 1 8 9 8 9 3 5 5 5 1 9 9 8 4 4 6 2 9 2 8 6 8 8 3 6 3 5 3 2 8 2 9 9 6 7 2 8 4 2 9 1 6 2

24 72 34 36 79
7 5 8 8 1 5 5 1 7 6 6 6 4 2 4 7 2 8 4 7 9 5 8 7 3 2 7 1 6 7 4 1 2 9 9 2 9 8 7 4 6 4 2 5 6 8 4 6 1 4 2 5 7 2 6 7 8 6 1 9 1 8 8 2 5 3 2 5 1 6 7 3
5 2 4 1 4 1 2 8 6 7 4 9 6 8 5 2 3 6 8 7 5 8 8 9 8 1 8 3 9 9 4 6 7 8
5 9 6 7 8 9 9 6 3 3 8 7 4 7 7 9 2 7 7 4 8 8 8 9 4 1 6 1 6 3 8 2 1 5 8 5
1 2 4 2 4 4 1 1 1 3 4 8 6 5 2 7 6 3 3 3 8 6 9 1 9 7 7 6 9 3 4 2 1 9 1 4 6 7 1 9 4 1 5 5 7 8 6 4 3 3 9 8 9 6 3 7 5 2 2 2 8 6 5 3 8 6 8 5 9 9 6 5 8 3 1 9 9 8 5

25 10 27 9 1
2 5 7 6 8 3 8 8 5 8
3 3 9 8 9 8 8 2 2 4 6 9 2 6 2 3 2 4 1 2 8 2 5 6 9 3 5
6 3 6 6 9 2 3 8 3
6

20 78 4 4 56
6 6 9 7 9 8 5 5 1 5 9 1 9 3 9 6 2 4 7 9 1 2 7 6 8 3 5 6 4 7 5 7 6 1 3 6 7 6 8 2 7 3 9 3 7 9 5 2 3 6 9 4 9 9 1 2 7 9 9 5 9 3 6 8 9 4 1 9 1 1 9 6 2 6 7 5 8 2
4 2 9 8
8 5 1 1
9 4 5 7 6 5 8 8 3 3 1 7 4 9 4 9 8 8 4 3 5 4 4 2 8 6 6 4 3 7 8 1 1 5 7 8 4 3 3 3 6 2 4 7 9 5 2 3 4 1 7 5 6 7 3 5

25 68 8 53 100
6 4 7 4 8 5 2 4 3 8 8 1 9 8 3 3 9 3 6 9 3 2 8 5 7 5 7 2 4 5 4 1 9 1 7 2 2 3 9 5 1 4 5 1 2 2 3 5 3 3 1 2 9 9 3 4 4 9 6 2 2 9 1 1 6 1 7 1
6 8 4 8 1 9 3 7
8 4 7 1 1 8 5 3 6 3 9 9 2 1 3 6 8 3 3 8 6 6 6 9 9 1 6 5 6 8 8 9 4 2 1 9 2 3 1 3 3 6 3 9 3 6 7 8 3 7 9 3 6
5 3 7 2 1 7 9 3 4 8 3 9 3 7 1 5 1 3 8 8 2 9 7 3 3 1 4 9 4 6 5 8 8 9 8 5 3 5 3 9 3 8 3 5 3 9 5 6 8 2 6 7 3 5 7 8 6 1 4 1 4 7 1 1 8 8 8 1 2 3 2 5 5 3 3 3 1 2 1 7 2 1 5 4 7 9 1 8 5 9 7 3 7 2 8 3 8 4 1 4

19 49 15 83 99
2 8 7 1 7 7 8 7 9 2 5 5 3 9 1 4 3 6 9 1 6 1 9 9 7 9 5 7 7 3 5 6 2 8 7 1 7 5 8 4 5 3 6 3 1 4 3 1 4
1 4 5 5 5 5 2 2 9 2 8 6 7 8 6
2 5 9 8 6 9 1 3 8 8 3 1 3 6 2 4 7 7 2 9 7 3 2 9 1 7 9 9 3 5 1 1 2 9 3 7 1 2 2 8 2 3 1 1 2 4 4 5 8 5 8 2 4 6 8 5 4 1 8 6 2 1 9 8 9 5 5 3 4 1 7 5 6 9 9 4 6 6 8 8 7 6 1
8 5 2 6 5 3 1 6 1 5 1 5 4 7 4 3 7 7 4 7 2 3 2 5 6 4 8 9 4 9 5 5 5 3 9 1 9 5 6 9 8 7 5 5 3 2 4 4 2 3 3 5 6 5 6 3 9 1 6 8 6 6 6 2 1 7 9 4 4 9 4 2 8 2 4 3 7 1 7 9 3 1 8 2 8 8 6 7 1 8 3 9 6 6 1 7 5 9 2

23 6 11 63 59
1 8 2 7 2 6
5 1 6 1 4 7 4 4 1 6 7
7 6 4 7 2 3 4 6 5 7 4 2 2 1 2 8 7 2 1 9 5 9 7 6 6 5 4 5 3 8 4 5 2 5 4 3 7 2 3 4 1 4 5 7 5 2 6 3 2 5 9 8 3 2 9 6 2 7 2 5 8 9 1
6 4 5 5 5 3 4 9 6 2 2 8 1 4 3 8 1 3 4 3 8 1 1 9 1 7 4 7 9 9 7 8 5 2 2 3 100000000 5 4 1 3 8 9 5 4 1 2 4 5 5 2 6 8 3 8 1 8 1 3

16 74 23 91 60
4 1 1 5 7 4 6 2 5 2 1 5 3 2 2 4 7 4 4 7 1 8 6 1 2 8 5 4 8 6 8 6 2 2 5 1 3 8 6 5 9 6 5 8 4 7 5 5 8 2 5 5 5 7 6 6 9 3 9 2 5 7 7 7 1 7 8 9 6 9 5 2 4 8
8 9 9 5 1 5 4 9 7 8 2 1 1 5 9 9 4 9 7 6 1 1 1
1 5 1 4 1 3 8 8 5 5 7 2 9 3 3 4 4 6 2 3 3 1 6 9 3 3 5 3 8 7 3 5 8 7 6 5 8 4 2 7 2 3 3 3 2 7 8 8 2 7 9 3 7 2 5 1 3 5 8 8 9 4 6 6 3 7 2 1 2 4 1 3 9 8 5 8 6 7 7 3 9 8 8 4 5 9 8 3 6 5 2
4 5 7 5 8 4 2 2 6 6 1 6 1 6 5 7 7 8 4 5 6 2 8 6 7 1 5 5 6 9 6 2 1 3 9 1 2 5 7 9 2 2 8 4 7 4 6 7 8 2 7 4 1 4 2 2 9 8 2 1

20 87 33 52 11
4 1 8 9 3 5 1 8 1 5 3 9 6 3 2 3 7 5 9 2 3 7 1 9 1 6 8 1 9 3 1 9 1 9 6 9 6 9 1 6 9 7 5 4 7 4 3 8 3 9 2 1 8 3 6 7 7 8 7 2 2 4 5 3 8 7 4 2 2 7 4 9 3 5 7 2 8 3 6 1 3 9 2 5 6 9 5
6 8 2 1 6 1 4 8 1 9 1 3 2 1 6 1 4 3 9 3 4 1 4 5 3 6 2 8 3 1 9 4 6
9 2 4 2 8 8 8 3 2 6 2 8 1 8 6 4 5 8 100000000 5 4 9 6 9 6 1 7 4 9 7 7 4 1 5 5 1 5 9 7 1 5 5 3 1 3 5 5 3 7 5 5 3
2 4 1 6 3 6 7 8 8 4 5

22 3 80 45 7
3 3 9
2 1 7 8 5 6 4 4 8 9 2 9 3 6 2 6 7 7 9 3 7 5 3 5 3 7 3 7 1 8 6 5 2 7 3 3 2 3 5 8 6 7 4 3 2 1 5 1 5 1 2 7 5 3 2 6 4 4 4 2 3 7 5 8 8 7 5 3 8 8 7 1 6 1 4 8 6 9 6 6
7 8 7 6 6 5 6 7 1 8 4 4 2 9 1 3 8 1 1 9 8 1 4 7 5 5 8 4 6 8 9 1 6 5 7 2 5 1 4 6 7 6 3 4 2
4 1 3 6 9 1 7

23 2 93 78 13
9 4
8 1 7 3 4 6 7 6 7 7 4 6 3 9 6 9 2 3 8 2 1 1 5 2 3 7 6 7 5 9 2 5 6 5 7 9 3 1 1 3 1 9 7 1 4 2 9 4 2 2 2 1 8 9 4 3 1 8 8 2 8 1 1 6 5 5 5 7 2 3 2 8 4 8 4 2 3 1 9 3 1 2 7 8 7 2 9 5 2 7 3 6 7
1 7 9 6 6 7 7 9 1 8 5 5 6 8 8 1 3 7 7 4 5 7 5 5 7 1 3 6 5 1 4 8 6 9 5 7 4 4 6 7 6 4 7 7 6 5 5 6 7 8 4 4 9 7 5 1 7 7 4 6 4 2 8 8 5 3 1 9 6 9 2 4 1 7 2 3 3 2
6 9 3 4 4 5 1 9 9 6 7 4 8

22 99 23 4 9
3 6 6 8 3 2 9 3 4 7 2 1 8 1 6 9 1 5 2 1 7 4 4 3 2 3 3 7 2 9 1 8 9 7 5 5 3 8 6 5 4 4 7 6 1 7 5 7 7 3 5 2 7 8 5 6 7 3 6 5 3 4 6 9 2 1 2 6 4 9 7 5 8 6 6 2 2 9 4 6 3 2 6 1 2 5 4 9 7 8 9 3 5 1 8 1 7 2 4
7 3 7 7 5 1 2 5 5 5 100000000 3 2 6 7 4 6 4 6 6 1 4 6
2 3 9 2
4 3 5 3 6 6 6 4 3

8 48 57 3 50
1 2 4 9 6 2 9 2 7 2 4 3 9 1 2 6 1 6 3 2 1 8 3 4 1 6 3 5 8 1 4 9 3 6 5 5 1 2 100000000 1 4 3 6 1 2 8 3 7
3 4 1 8 4 2 7 4 7 7 5 8 8 4 5 1 4 2 4 2 1 4 4 7 3 9 2 9 8 4 3 9 7 3 2 5 9 7 2 5 3 8 5 7 5 5 5 5 8 5 3 7 8 4 5 1 7
3 1 4
3 7 8 2 9 9 4 2 9 7 8 4 7 3 7 1 1 6 2 6 6 8 5 9 1 2 4 6 2 9 2 2 9 2 9 6 7 6 9 6 7 4 1 8 5 7 8 3 8 5

28 72 88 14 66
2 6 5 2 6 2 5 3 7 4 8 3 3 1 5 6 5 3 6 4 4 4 1 2 1 1 1 2 6 1 7 1 9 8 4 8 4 7 4 8 2 5 7 8 4 8 1 4 5 8 8 7 2 1 8 1 6 8 6 9 9 5 7 5 2 1 2 4 8 8 6 4
2 5 7 5 5 3 6 6 2 8 1 9 8 6 5 9 1 1 9 9 5 5 6 5 6 5 4 8 3 5 3 5 6 1 5 7 4 3 3 9 8 4 8 7 1 9 3 3 5 2 6 3 5 7 9 4 5 6 6 7 4 7 1 5 1 5 5 9 3 9 3 5 4 4 9 7 3 6 3 3 5 7 5 4 3 9 7 8
3 9 6 7 7 5 9 8 8 4 6 5 7 7
5 6 9 2 5 7 8 9 4 1 3 3 6 4 9 8 6 1 9 9 6 6 5 6 6 7 1 8 3 3 3 5 3 2 4 6 6 2 9 3 9 1 3 5 7 8 2 1 3 7 5 9 2 1 5 3 4 8 2 6 6 1 3 4 8 5

23 1 11 1 82
2
2 4 4 4 3 8 2 4 5 7 9
8
5 7 1 5 2 5 4 5 2 4 3 8 1 4 9 1 2 2 6 4 7 5 1 2 4 4 7 2 5 2 6 9 6 9 8 1 2 7 2 9 5 8 5 6 3 4 9 9 5 5 3 6 3 4 5 9 8 2 8 3 7 9 6 1 1 7 8 7 1 3 2 9 4 9 8 8 3 1 9 3 6 7

23 26 11 8 21
5 8 6 3 6 6 4 5 1 3 3 2 2 8 3 2 7 2 2 4 1 3 7 9 5 1
5 1 5 9 2 3 9 8 8 6 2
9 7 8 4 6 6 5 1
6 6 2 100000000 7 7 1 6 5 5 5 2 1 8 4 4 9 9 2 3 2

12 78 88 45 76
9 2 7 6 6 4 6 3 8 5 1 8 8 4 4 7 3 5 3 7 1 3 6 8 4 2 8 1 5 9 2 1 8 4 2 7 6 2 6 4 7 1 3 5 9 2 5 1 8 5 4 9 2 4 8 3 5 6 6 7 8 9 6 2 5 4 1 8 2 2 8 9 3 3 5 8 9 9
2 5 4 8 3 8 5 6 6 2 7 2 9 7 7 5 4 8 5 9 9 2 8 7 4 5 4 6 4 8 3 1 2 2 1 8 5 7 6 2 2 1 1 7 2 8 7 2 7 6 2 4 7 8 8 5 5 4 2 2 2 3 5 4 9 6 4 7 2 5 9 4 9 7 8 3 1 4 9 3 8 8 3 8 3 1 8 6
4 4 3 4 4 6 8 3 7 4 1 6 7 9 8 6 7 1 9 5 9 5 6 4 8 8 4 6 1 6 5 6 7 4 6 4 5 8 6 6 5 1 4 4 2
1 8 9 4 3 8 1 2 6 8 5 6 5 1 7 9 7 9 2 6 9 3 4 2 7 7 3 9 7 1 9 8 5 1 1 1 7 3 8 6 4 5 8 2 3 1 4 5 7 1 9 5 1 8 8 9 1 6 7 4 3 5 3 3 2 9 4 7 3 9 3 6 2 7 1 4

20 74 99 80 27
8 4 3 1 1 2 7 1 3 4 6 5 9 8 5 6 8 9 3 8 5 4 5 6 7 8 9 9 4 4 3 6 6 8 5 6 1 1 7 3 6 7 2 2 8 3 4 3 9 8 3 2 1 6 7 1 6 6 5 9 2 8 9 7 3 2 1 4 9 6 2 6 7 4
6 5 1 6 2 7 5 3 6 6 1 4 4 6 8 4 9 7 8 9 3 3 9 3 7 3 1 7 3 7 8 3 8 6 5 3 9 1 9 6 9 8 8 6 8 9 5 7 4 8 4 5 6 5 3 1 6 4 1 6 9 6 2 8 6 4 3 4 5 4 4 6 4 3 5 3 5 2 1 7 6 4 6 7 6 5 5 4 4 5 4 8 7 9 5 9 1 9 8
6 4 1 9 8 4 1 3 4 4 6 6 5 2 9 1 1 3 7 9 9 8 5 1 4 2 3 2 4 6 9 1 9 7 8 1 100000000 9 8 5 5 6 8 3 8 5 9 4 7 7 3 4 7 3 2 5 7 5 4 3 6 4 4 7 5 9 4 8 1 6 7 3 8 3 7 3 9 7 1 6
3 3 1 7 7 1 5 9 6 3 3 6 7 6 6 1 7 4 3 8 9 6 9 8 4 2 3

26 3 1 4 24
9 6 1
4
7 7 9 8
9 6 5 8 1 7 1 6 7 5 8 6 3 7 2 8 3 3 9 6 1 4 2 100000000

16 75 20 89 49
4 4 9 9 9 7 8 4 6 5 1 2 8 1 8 6 2 1 2 6 9 9 7 2 6 9 7 3 4 3 3 7 9 2 3 9 6 2 8 7 2 4 4 5 8 2 3 1 8 7 6 7 4 7 4 8 5 2 9 5 1 1 7 3 8 1 8 3 5 6 3 3 9 9 6
5 1 2 9 6 9 6 2 2 3 7 5 2 4 6 4 3 1 3 5
7 1 5 4 8 9 9 3 5 4 1 7 2 3 7 4 7 8 2 6 7 7 4 2 5 2 4 5 8 3 7 8 9 9 6 3 8 7 4 6 1 3 9 3 2 6 3 6 8 1 1 2 5 1 2 1 2 2 7 1 8 2 3 5 9 6 2 7 1 7 8 9 3 8 2 6 5 4 3 9 4 4 4 4 4 3 3 1 2
9 1 3 2 6 3 8 8 5 6 9 4 4 7 9 1 7 5 6 5 8 5 4 2 7 2 1 9 3 2 6 3 5 7 6 1 1 1 3 9 7 1 6 1 2 5 7 7 5

33 2 28 48 37
9 3
4 4 6 8 1 8 3 1 3 7 5 7 9 7 2 7 4 1 8 4 1 4 8 7 8 4 8 1
1 1 6 5 1 8 5 1 4 2 6 7 2 3 6 2 3 7 5 3 6 2 9 8 9 6 4 2 3 1 4 9 7 8 7 6 3 6 7 1 2 6 8 2 2 1 5 9
6 9 9 3 7 2 7 9 4 2 9 6 3 9 7 2 2 5 9 6 2 5 1 7 5 8 2 6 7 6 6 8 9 5 5 4 8

26 15 64 17 12
1 7 8 7 3 100000000 9 4 1 4 5 5 3 8 7
9 6 4 2 1 4 1 8 6 7 4 1 9 8 9 3 1 1 3 9 9 3 1 2 1 7 4 7 8 2 1 1 1 3 1 4 2 7 8 4 7 3 5 2 9 2 3 8 5 6 5 4 2 6 6 3 3 6 6 6 8 2 6 4
6 3 8 5 1 3 1 4 7 7 6 2 9 1 4 9 2
3 8 7 3 2 3 2 2 9 1 4 6

21 38 67 28 3
8 8 4 4 1 4 3 8 9 3 5 7 6 2 8 6 4 8 2 6 3 5 1 4 1 1 4 1 8 5 5 9 9 2 1 6 2 5
7 5 7 7 4 6 3 6 3 5 9 9 6 9 2 5 6 3 6 6 8 4 6 8 4 6 9 9 6 4 8 6 1 1 8 8 9 2 7 2 7 7 4 5 7 2 1 2 2 4 8 6 1 5 4 9 5 5 4 1 8 7 3 9 4 6 6
6 5 1 5 1 6 3 8 6 6 1 8 3 5 2 5 2 3 8 5 4 5 1 5 7 2 1 4
9 3 5

100000000 5 85 65 50
100000000 7 9 3 2
7 4 5 2 6 1 1 1 5 4 7 7 5 9 4 7 3 6 4 7 4 5 4 1 9 6 5 5 9 8 2 2 2 6 2 8 9 3 7 1 8 2 3 9 2 9 3 1 4 6 2 8 1 5 3 6 2 6 5 5 9 7 4 2 2 8 6 1 5 7 1 1 9 5 3 1 6 3 5 3 6 7 2 2 4
2 9 9 7 5 2 4 8 2 7 6 8 2 9 3 6 3 1 5 3 5 5 2 8 8 7 3 1 7 6 7 9 9 6 9 5 6 8 4 7 1 1 6 9 6 2 6 7 4 7 8 8 6 9 7 8 9 6 6 1 7 1 9 1 3
6 1 1 9 5 6 3 4 4 2 8 4 6 6 5 4 1 9 8 2 8 3 2 9 8 8 7 3 8 4 1 9 3 2 5 8 9 9 3 4 9 4 6 8 9 5 7 6 9 1

17 26 98 43 16
6 8 5 5 4 9 7 8 2 4 1 2 3 3 5 9 3 7 9 2 3 5 1 3 8 6
3 5 2 9 1 4 8 6 9 5 3 7 5 4 5 6 3 8 9 7 2 9 4 6 7 3 5 3 5 8 5 3 1 5 9 8 5 7 6 3 1 4 6 5 4 4 3 3 5 1 3 9 1 8 3 7 1 1 6 6 7 9 9 9 7 6 1 4 5 2 2 5 7 7 9 7 8 9 4 7 3 5 7 4 4 6 2 3 1 5 4 3 8 6 3 2 2 8
6 6 9 9 9 4 7 6 2 8 6 2 5 7 6 2 9 5 9 8 8 3 9 1 9 4 2 3 3 3 8 8 8 7 7 3 5 3 9 7 1 9 3
9 1 6 7 8 5 7 6 5 5 1 3 5 3 2 9

23 27 35 75 21
5 1 7 7 7 9 5 1 2 9 7 8 2 8 2 8 6 7 2 6 1 3 6 4 5 3 8
4 3 8 3 5 3 9 1 1 4 4 6 8 3 9 2 6 4 3 2 4 3 9 5 5 7 5 3 8 3 5 8 9 9 9
8 7 3 9 4 6 9 7 8 7 5 6 8 4 7 6 6 3 5 6 1 2 4 2 9 7 5 3 6 1 3 3 6 8 4 5 8 3 8 6 7 9 5 1 8 2 9 7 3 2 1 9 3 5 4 5 4 3 3 1 2 4 6 4 4 5 4 9 7 9 8 3 7 2 4
8 6 7 4 7 4 1 7 8 2 2 9 8 7 8 9 4 2 6 8 3

16 3 71 11 18
1 1 2
8 4 4 3 4 9 8 4 8 2 6 7 7 7 1 7 6 2 5 9 4 1 7 2 9 1 4 8 9 5 6 7 9 9 6 6 4 9 2 8 7 5 4 3 3 8 7 5 9 9 2 1 8 2 4 1 4 9 7 8 3 4 8 2 2 1 7 9 1 4 5
1 1 8 5 2 4 7 6 1 6 4
9 5 5 3 5 3 5 2 2 8 1 2 3 7 7 6 4 4

23 89 97 14 20
7 6 2 2 9 8 3 6 3 4 9 1 9 5 6 2 6 8 3 4 5 1 5 5 4 8 8 9 4 4 3 8 3 5 5 5 9 2 2 6 9 7 4 7 7 1 4 6 9 2 7 5 8 3 8 6 7 8 4 9 1 7 9 3 1 6 1 7 3 8 3 3 2 4 8 3 4 2 3 3 9 7 8 3 3 7 3 8 2
8 3 9 2 2 3 6 7 3 8 4 5 3 7 5 3 6 9 6 9 2 1 1 1 9 2 8 4 1 1 9 7 2 4 8 9 5 7 5 2 4 9 2 1 5 2 8 6 4 9 1 2 7 8 4 1 1 8 2 8 9 1 6 6 2 8 3 7 3 3 4 1 6 5 5 3 6 1 9 9 9 8 9 2 7 5 4 3 2 8 5 6 3 1 3 4 6
1 1 4 3 5 3 1 9 3 5 8 9 6 6
3 3 8 8 6 3 4 1 5 6 9 3 8 1 9 9 3 4 4 2

21 81 7 21 62
6 4 8 1 7 9 8 2 4 1 9 1 9 2 1 9 6 1 4 7 4 2 8 3 4 6 3 3 5 7 1 3 7 2 4 7 5 8 7 4 6 8 5 4 1 8 3 7 9 8 6 7 6 8 6 2 6 3 2 4 4 4 7 7 8 2 7 9 1 2 1 7 5 2 9 4 1 1 2 5 6
5 4 8 5 5 8 3
6 5 1 2 3 8 5 2 3 8 7 9 1 1 6 1 2 1 6 8 2
4 3 2 9 5 7 9 3 4 3 9 8 9 1 4 8 9 3 6 8 2 1 7 9 1 3 8 2 6 5 2 4 8 5 4 7 5 6 2 4 1 8 3 3 8 2 5 3 7 3 9 2 1 1 3 6 4 1 6 5 9 3

13 12 21 11 99
3 7 6 3 8 1 9 3 6 1 9 4
8 4 1 8 4 4 9 2 9 4 5 3 7 7 7 5 2 8 6 7 4
2 2 9 3 4 8 3 6 3 6 9
9 7 1 4 6 2 4 3 8 9 3 1 7 9 8 4 3 2 7 6 6 3 4 2 1 6 1 2 1 4 7 4 3 2 6 8 3 7 5 6 7 3 6 2 1 3 2 2 5 4 9 2 1 8 6 2 3 8 3 5 4 9 2 7 2 6 1 8 5 2 8 2 7 4 7 1 5 1 2 4 7 3 8 2 7 7 1 7 3 6 9 4 7 5 9 6 7 1 4

20 29 23 10 89
5 9 4 7 6 3 8 9 8 4 1 3 1 7 9 5 8 1 7 2 1 9 5 1 2 3 5 7 5
9 1 2 4 2 5 4 3 4 8 1 2 2 9 4 4 5 7 5 7 4 7 1
2 8 7 5 8 3 5 3 5 3
9 9 4 6 2 2 1 1 1 9 9 9 3 4 5 7 2 3 1 9 7 6 9 4 2 4 6 2 8 7 3 1 8 1 5 5 2 4 3 6 3 3 5 7 1 2 2 4 8 6 9 9 2 5 9 3 7 3 9 6 8 3 8 6 6 3 8 5 2 5 8 7 6 3 8 7 9 6 8 9 8 8 4 8 8 4 3 6 1

27 54 33 73 62
8 2 8 4 3 8 2 4 2 6 4 1 8 2 7 3 6 5 4 9 7 4 9 4 6 6 1 3 1 5 3 9 1 1 5 6 2 4 7 5 1 1 6 7 2 9 5 1 9 7 7 9 4 2
9 4 2 5 3 1 2 4 4 8 7 5 2 3 4 3 1 4 100000000 1 2 1 9 6 7 7 9 3 2 8 2 8 9
1 6 7 6 8 7 5 1 6 8 3 7 2 1 8 6 9 6 8 8 7 2 6 6 2 9 3 8 1 2 6 7 3 3 2 3 6 9 4 1 7 2 2 8 6 2 3 6 3 2 5 3 2 4 8 5 9 2 1 3 4 9 2 2 4 5 9 1 1 7 5 7 4
4 9 2 2 4 5 7 6 1 8 7 8 8 9 8 2 7 2 4 8 1 9 3 1 5 5 7 4 1 3 8 9 6 4 5 5 6 2 2 3 3 8 9 1 6 6 8 7 9 9 4 2 6 3 3 1 6 7 5 3 6 9

30 34 28 58 15
6 2 3 6 7 7 1 1 8 7 2 5 2 8 5 2 3 3 7 9 1 9 6 7 9 8 9 8 7 5 8 7 8 9
7 3 1 1 6 7 2 9 2 8 6 4 7 5 6 100000000 1 6 3 1 6 6 5 9 8 3 9 5
3 1 8 7 7 1 7 1 5 6 4 1 4 6 7 3 2 9 9 8 7 4 7 3 8 6 7 8 1 2 1 2 6 6 3 5 4 5 9 4 5 3 3 6 9 7 4 7 9 2 7 4 3 5 1 1 7 2
6 6 3 5 7 3 8 9 3 5 1 9 9 3 1

10 72 45 34 8
3 6 5 4 7 8 8 4 7 5 4 7 3 4 9 8 2 5 8 1 2 6 6 8 1 4 9 9 3 7 9 4 3 8 1 6 5 5 8 7 6 7 6 5 3 5 1 1 2 2 8 2 5 2 3 8 9 8 5 4 2 4 5 5 7 5 6 7 8 1 5 6
1 3 5 9 4 9 9 2 5 7 9 6 1 6 9 5 1 4 1 3 9 8 4 6 8 1 7 8 1 4 4 1 3 9 2 5 6 1 4 9 3 6 6 1 8
7 8 2 9 4 8 6 1 1 9 5 4 9 8 6 4 1 1 2 2 5 1 9 7 4 9 7 1 4 9 3 6 1 4
2 6 4 2 6 6 8 1

23 52 49 46 25
8 7 3 5 7 3 7 8 8 6 9 9 1 5 8 2 5 2 4 2 5 8 5 5 5 3 6 9 2 4 1 5 8 7 6 2 7 6 2 6 8 8 8 1 8 1 5 4 3 7 4 9
4 1 9 1 9 4 3 8 2 5 5 2 6 9 6 3 3 5 2 6 3 1 9 2 2 6 5 4 1 7 7 7 1 9 2 8 6 2 4 7 6 3 5 1 100000000 3 9 7 1
4 5 3 4 7 2 9 1 5 7 5 9 3 8 8 6 2 2 5 3 7 5 2 1 9 5 2 7 9 8 4 6 5 4 5 7 3 1 8 5 6 7 8 8 7 4
5 7 7 7 1 4 1 4 2 1 9 2 4 2 8 3 8 5 3 3 1 4 9 7 2

12 79 1 96 46
4 3 9 1 9 9 9 2 5 9 4 8 9 1 8 1 6 3 6 3 1 3 3 9 4 5 4 7 3 4 3 2 3 4 9 6 1 1 6 1 8 7 7 9 2 8 3 4 1 2 3 9 6 9 6 2 8 7 6 3 6 5 1 7 9 3 2 4 4 5 2 3 2 5 5 2 1 1 1
4
1 2 3 6 3 8 9 1 6 3 3 3 3 1 1 6 7 1 6 8 8 5 4 3 4 4 1 9 4 9 3 7 7 6 9 6 8 5 7 1 9 5 5 1 7 5 9 2 8 2 8 5 1 9 5 6 6 8 4 3 9 5 2 6 6 6 9 6 2 2 1 5 3 9 3 9 9 2 8 5 8 1 8 7 1 5 3 3 8 7 4 6 1 9 9 1
8 1 3 2 4 7 6 1 3 5 2 5 5 4 2 5 100000000 1 3 1 7 5 4 4 7 2 5 6 4 6 1 6 4 7 5 5 9 9 8 2 8 6 3 9 7 1

29 35 100 61 38
1 9 1 5 4 7 3 3 6 3 4 4 8 2 5 2 6 3 8 5 4 9 1 9 7 6 2 5 3 3 3 9 9 2 6
7 1 9 8 3 8 5 9 1 4 1 7 3 9 8 7 5 2 4 2 4 9 4 4 7 8 5 9 2 2 7 4 4 7 6 2 6 5 7 1 1 7 5 4 9 3 3 3 1 5 2 4 1 1 9 6 5 2 9 3 2 1 2 1 9 5 4 5 2 4 2 8 2 9 3 3 6 6 2 9 9 6 5 3 3 5 1 5 5 6 8 2 1 4 8 8 5 1 1 5
6 3 9 6 2 1 9 3 7 9 2 3 5 7 2 5 6 4 7 2 4 5 2 2 6 8 5 1 6 1 3 4 2 1 1 6 1 1 5 4 3 3 9 1 2 5 1 1 1 1 5 2 6 2 2 2 8 3 8 5 7
5 1 3 9 1 2 7 4 1 8 1 2 7 3 9 5 7 2 6 3 6 7 4 5 3 9 9 7 5 2 6 1 4 3 1 6 2 3

33 12 79 15 16
3 1 5 7 8 8 1 6 1 2 6 1
2 7 1 4 8 4 7 4 7 6 2 6 5 7 3 1 1 6 8 1 5 5 1 4 6 5 3 8 3 7 7 9 2 4 5 8 9 7 6 6 4 3 5 7 1 7 7 5 6 2 8 7 9 7 2 3 2 1 8 4 3 1 4 4 7 1 3 2 7 7 3 4 9 6 2 9 5 9 8
8 8 6 4 2 9 5 6 3 2 7 4 6 5 1
6 1 8 8 4 2 4 9 4 9 4 2 5 4 7 2

25 72 7 30 15
7 6 2 4 7 3 9 5 8 4 1 3 9 7 7 8 4 1 4 4 8 2 1 8 9 7 9 5 5 6 6 2 4 3 7 1 6 3 7 3 9 1 7 1 6 3 8 4 1 6 7 1 3 2 2 2 2 9 2 3 5 1 3 8 6 4 4 6 3 1 2 8
6 2 9 8 7 1 2
2 6 5 7 6 4 6 4 3 7 1 8 5 2 6 9 3 2 1 4 2 7 5 9 6 7 6 6 8 7
8 5 6 9 7 2 6 7 9 2 9 2 9 8 6

17 9 58 90 59
4 1 9 6 4 5 6 3 100000000
3 3 6 9 5 2 7 3 1 3 1 4 3 6 3 5 5 9 5 9 9 6 9 5 2 9 1 4 5 7 7 1 2 9 5 5 5 4 9 8 1 1 6 6 3 9 5 8 1 7 8 3 8 3 9 6 2 6
8 4 9 2 7 7 4 9 7 4 6 9 3 1 3 7 1 2 6 8 4 5 1 4 4 4 7 9 6 6 2 3 7 7 8 1 1 3 9 7 1 7 7 5 8 8 7 2 8 5 2 4 9 5 7 6 8 4 5 1 5 5 5 5 5 2 2 7 8 5 1 3 5 3 6 4 2 4 2 2 9 5 3 4 9 2 4 4 6 3
1 2 4 2 2 5 1 1 4 3 8 3 4 3 3 1 5 1 7 7 1 7 9 3 7 8 4 5 8 4 2 9 9 1 8 2 6 7 6 3 1 1 1 9 6 4 7 2 3 3 8 1 6 6 3 6 4 5 1

20 48 96 38 3
7 8 1 6 5 1 8 2 2 3 2 4 4 3 6 5 2 4 9 8 7 3 8 8 6 8 1 4 3 4 7 5 6 8 4 8 8 7 3 5 4 7 7 1 9 8 9 8
1 7 8 5 5 3 9 3 3 2 7 7 9 7 2 6 6 1 1 2 9 6 5 1 5 9 3 7 6 1 1 1 2 2 6 7 5 7 8 5 2 5 6 6 8 9 7 6 4 1 7 2 5 1 9 6 8 4 4 3 5 8 5 2 4 4 3 3 3 8 4 6 2 1 4 8 1 2 8 3 6 1 4 7 5 7 8 9 8 6 8 8 3 2 3 6
9 9 2 3 6 9 1 8 1 4 2 4 9 5 7 8 5 8 9 5 9 2 6 2 8 8 7 5 8 7 8 3 2 2 1 8 7 2
3 2 3

21 47 54 47 62
8 8 8 9 8 5 5 4 4 6 5 7 9 4 3 6 8 7 5 9 5 8 4 2 4 9 2 7 3 7 1 7 1 1 6 3 4 8 4 2 1 8 3 3 9 2 3
8 4 2 5 9 8 4 5 9 6 3 1 6 2 6 6 1 5 5 4 6 7 4 7 8 8 5 7 3 3 4 8 1 2 6 4 5 4 1 8 8 2 8 9 7 3 9 9 4 8 5 6 2 2
1 9 4 5 3 5 8 9 6 2 8 7 5 5 6 6 1 6 1 100000000 2 6 3 7 5 6 7 7 7 3 3 2 8 8 9 6 2 4 4 3 6 7 3 2 3 4 4
3 9 4 1 7 4 8 2 8 3 6 7 1 4 1 5 7 3 1 4 5 4 6 7 6 3 8 6 1 2 2 5 1 3 7 8 8 2 6 1 5 6 9 3 8 2 6 3 4 3 7 2 7 8 4 1 9 9 7 3 4 5

20 36 23 6 28
2 2 8 6 3 8 8 2 3 9 7 1 1 5 5 5 9 8 5 5 4 1 1 1 1 5 4 2 1 9 1 6 3 3 8 7
3 8 5 8 3 9 5 8 8 4 5 7 1 9 7 1 6 1 8 3 2 4 3
7 7 8 3 4 1
1 5 8 4 8 6 9 3 1 2 3 3 2 2 6 8 7 5 2 8 8 3 1 2 4 7 3 5

17 45 64 46 40
8 1 2 3 6 3 5 9 8 9 1 3 3 8 2 8 4 4 3 1 5 1 2 4 5 6 2 5 9 7 5 5 9 4 1 2 8 5 2 5 9 8 5 6 3
5 7 7 1 5 7 2 2 6 1 9 1 5 6 2 1 4 2 7 7 1 5 3 8 3 6 3 1 2 5 4 7 7 6 1 1 9 9 7 8 8 5 4 9 8 1 7 9 6 3 8 6 2 9 7 9 9 8 8 3 3 5 4 3
2 7 2 4 2 1 9 1 5 7 1 3 2 2 6 3 3 4 7 6 1 1 3 8 7 2 6 1 2 9 3 4 8 5 4 8 1 4 8 6 4 5 3 7 6 9
2 4 8 5 9 7 3 2 9 2 3 8 2 4 2 1 5 8 6 7 1 3 6 7 4 3 2 7 8 4 1 3 1 6 6 2 7 8 7 7

26 68 23 78 12
2 1 4 3 6 1 100000000 9 8 3 6 7 3 1 9 8 8 3 4 4 1 4 4 7 6 5 7 3 6 4 3 8 3 4 5 9 1 7 5 3 8 3 8 8 3 1 3 7 8 4 5 2 2 2 8 6 2 8 3 8 3 5 4 6 7 8 1 5
4 9 9 3 8 2 2 9 7 5 9 2 7 1 8 4 9 2 9 2 8 6 5
1 6 4 7 7 4 7 5 8 6 7 3 3 3 1 7 2 4 1 4 1 9 3 5 5 1 6 2 1 1 7 1 4 5 6 2 5 6 3 5 4 2 1 9 8 6 8 2 4 2 3 7 8 1 3 1 1 1 2 5 4 5 1 4 3 5 8 2 9 1 8 5 8 2 8 3 9 7
5 4 7 3 2 7 4 9 6 7 6 8

31 48 58 62 69
3 4 8 5 1 8 5 3 6 9 4 1 5 9 1 8 2 5 6 9 4 3 5 7 6 9 4 6 5 2 7 1 3 6 7 2 7 4 8 3 5 1 7 5 1 7 2 2
6 1 6 9 3 2 1 5 5 4 2 8 4 1 6 8 3 7 2 4 1 6 1 6 1 1 2 8 5 7 3 9 7 8 7 2 7 4 5 7 8 5 6 4 2 3 6 9 6 3 3 6 1 7 4 3 2 2
2 5 3 3 2 3 4 1 2 5 8 9 8 5 4 4 6 5 2 8 7 3 3 1 4 4 6 3 1 5 1 1 1 9 7 7 7 6 7 4 8 9 6 4 6 2 5 9 4 1 1 6 1 2 4 1 4 9 1 9 2 3
2 5 9 9 5 1 3 1 9 8 5 1 2 1 2 4 6 9 8 4 3 9 1 9 6 9 2 2 6 1 3 1 3 2 3 1 6 1 6 8 8 9 2 3 4 5 1 7 8 4 8 8 1 1 3 3 9 9 3 6 4 9 3 7 6 9 8 6 2

17 44 66 71 3
4 6 5 9 5 8 4 3 5 8 2 6 6 6 9 8 9 4 2 4 9 7 8 2 4 5 8 2 4 2 4 8 2 7 3 7 5 7 2 5 1 7 7 7
8 6 2 7 4 7 6 8 7 9 4 2 1 2 8 1 8 8 4 6 1 3 6 3 2 2 2 7 9 9 8 2 8 6 5 3 8 4 3 8 4 7 8 7 5 4 5 1 1 6 8 2 8 6 5 5 3 8 8 7 1 5 7 5 2 6
6 7 1 7 9 6 5 8 8 2 4 5 6 2 9 3 6 3 2 8 3 4 4 5 4 6 2 5 5 7 2 7 3 1 9 2 4 1 9 8 3 3 7 9 4 7 9 2 2 8 8 1 3 9 3 2 3 6 4 9 1 7 8 9 6 9 7 1 5 5 9
3 3 6

31 51 7 24 34
7 5 1 9 7 2 2 9 2 9 9 7 1 3 8 1 1 4 3 2 2 4 4 7 9 1 7 2 7 9 3 9 5 9 7 8 1 3 6 9 5 7 4 4 9 1 1 6 9 4 6
6 2 4 6 6 2 8
2 6 8 7 8 2 2 8 6 6 3 9 8 6 5 9 7 6 6 3 5 3 6 7
5 4 7 4 1 1 6 3 8 4 2 1 3 6 6 8 3 6 5 4 6 7 3 2 4 6 9 9 8 8 7 4 1 7

19 67 81 19 49
7 1 5 1 7 6 3 7 2 7 8 1 5 9 9 7 5 1 7 1 1 8 3 4 1 5 8 2 7 6 1 2 5 8 3 1 5 6 5 7 8 3 7 8 1 2 2 9 8 1 1 4 1 7 5 4 2 3 8 3 7 5 1 6 6 6 3
1 3 7 4 9 1 4 5 7 9 4 6 5 7 1 9 8 6 4 8 7 1 8 9 1 9 5 9 1 4 1 1 3 7 8 6 5 2 7 5 4 5 9 9 6 1 5 9 8 6 6 8 6 1 8 7 2 6 3 7 6 4 3 8 6 4 8 6 6 1 3 3 3 5 6 8 6 1 1 1 4
3 6 4 8 8 9 5 9 3 7 8 100000000 3 8 1 9 3 1 8
4 6 2 9 3 7 6 7 7 7 7 7 3 3 8 5 5 9 7 6 3 2 6 5 1 5 2 7 2 5 9 2 5 4 8 7 9 8 4 2 3 2 8 7 7 5 6 7 5

9 23 70 23 36
9 7 2 1 8 4 1 2 4 8 8 2 8 8 3 4 9 9 6 4 5 4 3
9 6 6 6 2 1 8 2 8 9 7 8 2 5 7 9 7 7 1 3 4 7 1 4 9 3 6 7 8 4 1 8 7 3 7 5 6 9 6 9 8 4 2 2 5 5 5 4 3 3 9 5 1 2 4 3 1 6 1 7 3 4 9 6 7 6 8 5 1 2
1 8 1 4 7 8 2 7 5 5 1 5 4 4 5 7 2 3 7 5 5 6 8
2 7 8 5 8 9 9 2 5 1 6 5 1 3 8 4 6 9 4 3 6 9 7 4 7 3 8 9 2 6 4 9 7 2 6 5

35 45 92 58 92
8 6 5 2 7 5 9 7 4 4 9 6 3 3 9 7 6 4 8 8 7 7 3 5 4 5 4 5 7 6 1 7 1 1 9 4 6 7 8 4 2 8 9 2 3
4 3 2 8 2 2 1 9 6 7 9 6 4 4 6 9 5 5 7 9 8 4 4 9 3 5 3 9 6 3 9 7 2 9 1 6 1 4 9 6 5 9 8 1 9 9 9 4 7 1 1 2 1 8 2 2 8 6 9 5 3 3 3 4 3 5 7 9 1 6 7 7 8 5 4 2 2 9 8 1 3 8 2 7 2 5 6 9 7 3 2 6
5 4 7 3 2 4 9 7 6 2 6 3 9 9 9 3 4 5 6 9 4 7 5 9 3 7 9 6 5 8 7 7 3 5 6 7 8 3 8 3 5 7 5 1 1 1 8 5 9 8 3 5 3 5 8 4 7 4
2 2 1 3 9 2 5 4 3 6 3 8 5 2 8 4 3 6 9 7 2 7 6 6 9 6 7 4 5 2 1 8 6 6 4 6 6 6 2 3 2 9 3 1 1 6 5 6 9 9 9 1 2 7 4 1 5 1 1 7 5 2 3 3 8 1 9 5 6 4 5 6 7 2 5 9 5 4 4 1 2 9 5 1 3 2 3 4 6 6 9 5

16 90 39 19 35
6 2 8 6 5 6 6 2 6 3 7 1 5 5 9 8 6 3 7 7 9 9 7 6 7 4 5 4 6 9 6 8 6 1 9 9 3 1 4 5 2 4 8 3 8 2 9 3 6 2 1 8 6 2 4 6 5 1 6 5 6 3 9 4 6 8 2 6 5 9 2 9 2 5 4 2 2 1 4 8 2 5 7 5 7 2 4 2 1 3
6 1 5 4 1 7 9 5 4 8 2 8 5 7 2 1 5 5 1 7 5 7 7 8 4 4 7 5 3 4 5 9 6 8 2 9 3 7 3
2 5 6 7 6 7 2 4 1 3 6 6 2 9 7 5 4 8 8
9 1 5 9 4 1 5 6 6 6 100000000 4 9 8 8 1 5 9 8 1 3 1 4 5 4 1 8 1 8 6 9 7 6 7 2

15 86 2 52 15
7 1 2 8 6 6 7 1 5 8 8 5 9 7 4 7 2 1 1 1 3 2 2 5 6 9 8 7 1 4 7 7 8 4 1 8 1 8 4 4 6 9 7 9 1 5 9 8 4 3 3 4 7 5 4 1 2 3 6 1 3 3 6 4 5 6 3 1 3 8 7 3 5 9 6 7 5 2 5 8 8 7 1 1 4 5
7 3
1 5 9 1 5 4 3 1 1 7 1 6 1 2 8 2 1 9 1 8 2 4 3 4 8 9 1 2 7 9 5 9 9 7 7 6 6 5 5 8 3 3 9 8 6 3 2 9 8 5 4 2
3 9 7 2 2 7 1 7 4 4 4 5 3 8 4

22 58 7 34 4
6 2 4 2 2 1 6 7 7 3 4 7 1 8 8 1 1 3 2 5 8 5 5 7 2 1 5 9 2 6 5 2 1 9 9 6 9 1 1 9 9 6 7 6 8 7 3 4 5 9 1 8 8 3 8 3 2 5
2 5 3 6 8 1 6
4 8 4 7 3 4 8 1 1 3 5 7 2 3 3 5 9 8 2 2 4 3 4 3 4 7 1 6 1 5 6 2 3 7
6 3 3 9

11 80 31 45 7
2 7 8 9 6 9 1 4 8 1 5 1 9 1 2 3 3 9 4 6 2 2 3 3 1 3 3 6 7 5 4 5 4 6 9 2 8 1 9 4 7 4 8 4 7 4 4 7 3 3 5 1 6 4 6 4 5 1 4 9 4 8 3 1 9 1 4 4 7 6 2 2 4 9 2 8 3 8 5 2
3 6 8 6 4 8 9 8 9 6 9 3 9 9 3 5 4 7 9 100000000 1 2 6 2 2 1 5 6 5 2 1
2 2 1 5 1 7 7 3 3 3 2 2 9 9 1 4 3 1 3 9 7 2 7 6 1 7 6 4 2 3 6 6 9 4 4 7 6 8 2 2 3 8 6 2 8
9 8 5 2 5 3 3

25 6 70 42 64
4 5 1 8 4 6
2 1 6 8 4 5 1 8 3 4 9 9 7 4 5 100000000 6 2 2 6 6 8 6 6 5 9 6 9 2 2 8 1 5 6 7 7 1 5 1 9 6 5 1 9 1 8 4 7 2 6 2 8 3 6 8 1 5 1 6 2 8 7 3 2 2 1 7 6 4 1
8 2 1 3 7 3 1 1 3 7 5 3 9 1 8 2 2 8 2 2 5 3 7 9 4 6 6 4 4 4 9 9 5 1 2 1 7 4 1 1 2 9
2 4 9 1 4 4 8 6 4 8 6 1 5 6 9 7 5 6 7 4 4 4 2 7 7 2 1 3 3 1 5 2 6 7 7 8 8 1 7 9 1 3 4 3 7 7 4 4 4 6 5 2 9 8 4 4 2 8 1 9 5 2 2 2

25 38 31 78 86
7 4 9 6 1 2 8 9 6 4 2 3 6 7 7 4 9 5 9 2 9 5 4 2 8 6 1 1 6 6 100000000 5 9 7 9 4 4 6
1 4 3 4 8 7 1 7 8 4 4 4 5 7 8 2 4 5 9 5 5 8 6 5 2 7 7 3 5 4 1
2 7 1 5 3 8 3 4 2 5 3 1 8 6 8 7 1 5 7 6 6 1 3 6 9 2 4 8 5 8 9 9 8 1 3 8 5 7 7 1 9 8 8 6 1 3 1 3 4 3 5 8 5 2 6 9 1 7 7 2 8 2 6 3 2 9 2 7 5 6 8 5 4 8 6 1 4 4
1 5 9 3 4 9 3 1 8 2 3 8 9 1 8 4 1 7 2 1 6 2 2 1 2 6 5 9 3 3 6 6 6 5 2 8 5 4 3 2 6 7 9 7 9 6 6 2 3 9 1 1 5 4 5 6 7 1 7 8 9 4 2 7 5 3 7 8 1 5 4 9 1 8 2 7 7 7 1 7 6 5 6 7 2 2

23 6 50 1 31
9 4 9 1 7 3
4 3 7 8 1 8 9 8 4 7 6 2 7 1 6 9 6 1 2 2 3 7 2 8 1 7 9 7 2 3 3 9 4 6 2 3 5 3 9 7 1 2 3 5 7 3 9 6 4 1
7
7 3 1 1 8 3 2 1 1 5 9 2 5 2 9 8 4 5 8 7 5 7 1 9 1 5 8 8 9 3 4

11 20 13 70 61
2 6 7 3 9 6 6 9 4 4 5 4 1 7 7 4 1 7 2 8
4 9 6 6 1 5 5 1 1 3 2 6 5
7 6 2 8 4 9 7 5 3 6 4 2 8 5 4 4 6 1 8 1 5 7 8 2 6 1 7 1 5 7 9 6 1 8 3 1 3 5 9 3 1 1 7 4 4 1 9 3 5 7 9 4 9 3 7 7 3 2 3 1 8 7 2 1 7 7 5 8 4 6
2 9 8 9 2 5 2 3 9 6 4 2 7 5 9 7 1 9 9 6 2 3 2 2 6 8 3 4 9 2 100000000 8 4 6 4 5 5 1 8 8 8 6 4 4 6 8 7 2 2 1 4 4 9 5 7 6 2 4 7 1 7

20 38 4 52 89
9 7 3 3 5 6 3 3 9 6 7 3 5 2 8 9 2 7 3 8 3 7 4 6 6 4 3 3 2 5 5 2 5 3 6 4 2 3
8 1 8 9
3 2 9 3 1 4 1 5 8 5 7 6 6 5 3 9 3 8 9 4 1 2 7 2 7 4 2 7 5 1 1 5 2 3 4 8 8 4 7 7 2 6 5 4 6 8 9 8 1 2 3 9
4 8 1 5 4 4 3 8 7 7 8 1 8 6 6 7 3 8 9 4 9 5 4 1 8 9 4 1 7 2 4 3 6 2 4 1 8 2 8 8 5 6 1 3 8 9 5 9 3 1 5 3 5 7 5 3 6 5 5 9 7 9 6 3 3 9 4 3 1 7 7 5 3 7 7 9 2 4 8 3 8 2 5 7 7 9 8 7 6

30 21 48 66 39
6 8 9 7 6 4 8 4 9 6 3 3 4 7 5 3 1 4 100000000 1 8
5 4 7 8 5 4 5 3 5 9 9 1 1 5 7 1 8 2 9 3 2 4 8 2 8 8 1 8 4 5 3 3 2 9 7 1 5 1 1 3 8 6 3 5 8 3 5 5
1 8 1 8 2 1 1 2 8 3 3 3 9 5 9 6 7 1 6 9 4 1 7 3 1 4 6 8 6 2 4 1 9 5 9 9 1 7 9 9 4 6 9 7 4 6 9 5 7 8 5 5 3 4 8 4 3 8 6 1 3 4 7 9 3 1
1 9 6 6 9 5 5 2 5 8 7 5 8 6 9 6 6 4 4 3 4 3 3 8 7 2 2 3 7 8 7 8 7 2 2 5 2 3 3

26 48 6 71 19
8 6 4 6 7 9 3 9 2 3 3 4 8 8 8 4 8 9 5 3 2 7 8 1 4 2 3 4 7 6 8 3 6 8 7 3 3 9 1 9 9 1 4 1 5 6 4 2
4 8 7 2 9 8
2 6 1 4 8 3 3 7 1 2 6 8 1 4 7 7 1 6 7 9 9 3 6 5 3 3 4 6 3 5 7 6 1 2 5 8 9 2 9 4 9 1 7 9 8 4 2 8 5 5 8 5 8 3 8 8 4 1 5 3 1 4 6 4 3 2 4 9 3 1 2
6 1 7 8 1 5 2 8 4 3 5 4 5 9 4 2 7 5 3

100000000 27 89 1 49
7 7 8 8 2 3 7 5 1 1 3 8 2 9 5 8 4 8 6 9 8 6 7 2 1 4 8
1 9 7 1 1 4 7 4 8 6 8 1 4 3 4 3 3 3 3 9 3 5 3 7 3 6 2 6 2 6 7 4 2 3 7 7 8 4 4 7 7 4 1 5 1 6 1 5 9 2 6 1 5 8 6 4 9 4 4 1 2 7 6 9 6 4 1 8 5 1 9 4 3 5 7 3 8 1 5 7 6 2 5 2 5 7 4 5 8
100000000
2 8 5 3 1 2 3 7 3 4 2 6 8 5 3 1 4 4 3 9 3 7 1 6 2 4 2 7 8 4 6 1 7 6 3 7 8 2 1 1 6 1 8 2 9 8 5 9 7

26 95 93 49 39
9 9 2 4 2 9 6 7 7 6 6 2 4 4 3 8 4 6 7 8 4 7 9 8 4 2 2 3 8 3 4 8 2 1 3 3 5 7 9 9 2 6 6 4 3 7 5 1 5 3 2 5 5 7 2 1 7 3 7 6 5 1 9 6 4 7 4 9 1 9 7 9 8 3 8 1 7 7 9 7 2 4 4 9 1 9 6 3 7 1 8 9 4 9 8
4 4 3 7 7 4 6 7 4 5 8 2 6 1 7 8 3 6 3 4 7 2 7 5 7 3 7 9 2 9 7 3 8 7 4 7 8 7 7 5 1 1 8 8 8 3 3 4 1 7 4 7 2 4 7 5 1 7 3 5 7 8 4 1 3 6 7 6 6 7 3 1 9 8 6 9 3 2 3 4 7 1 1 8 5 6 5 6 5 6 8 5 7
6 3 9 1 6 3 2 4 9 5 1 3 1 2 5 2 1 4 1 7 5 5 4 9 3 5 9 7 6 3 9 7 9 1 1 6 5 7 3 4 1 1 5 2 5 1 2 6 3
1 9 8 7 9 5 6 5 7 9 6 9 1 3 2 100000000 8 4 9 4 2 1 6 5 9 6 5 8 5 4 1 2 9 7 9 3 3 7 8

25 22 44 85 15
5 5 3 5 8 3 4 1 9 3 7 8 8 1 9 6 6 1 2 2 2 1
8 2 9 4 4 2 3 5 4 7 7 2 5 9 9 1 1 5 3 7 8 3 3 8 6 8 4 2 9 4 6 2 2 7 5 8 5 9 9 5 6 3 1 5
2 1 6 1 8 7 4 8 3 1 3 5 1 6 5 1 2 6 9 6 4 7 5 3 7 9 4 2 2 3 6 5 2 4 7 6 2 7 3 9 2 8 1 8 1 1 1 6 7 7 5 8 2 3 8 1 5 6 7 9 9 4 6 3 8 2 8 3 9 4 7 4 7 9 5 9 3 3 4 9 1 5 5 7 2
6 5 9 3 8 7 5 2 6 3 1 9 3 7 4

26 11 49 41 84
3 8 1 8 3 6 5 3 8 5 5
8 6 3 1 7 7 5 4 4 2 3 8 8 6 8 7 5 8 1 4 8 6 1 2 3 7 1 2 8 3 6 9 2 8 6 3 5 2 1 4 8 7 4 2 4 9 2 4 6
4 9 1 5 1 6 7 6 5 1 5 2 9 3 6 1 3 3 2 1 2 6 5 8 6 9 2 5 1 4 4 3 5 9 9 1 6 8 9 6 7
6 6 1 2 6 5 6 8 3 1 4 1 4 3 6 5 7 5 9 2 9 2 3 5 3 2 7 9 7 8 3 9 3 6 2 4 9 8 4 8 8 9 2 2 2 5 9 9 1 7 5 9 2 2 2 1 1 3 8 9 1 8 2 8 6 7 4 1 9 3 9 3 6 8 6 3 4 7 5 5 2 4 5 5

28 98 76 62 73
8 2 8 8 6 7 3 6 5 4 2 9 1 4 6 5 6 7 7 4 6 4 6 9 8 5 2 7 3 7 8 8 2 8 5 8 1 4 8 6 9 1 7 7 8 9 8 4 9 4 9 3 1 4 2 8 1 1 8 5 1 2 7 3 8 6 8 9 1 9 8 7 7 5 4 1 1 5 9 9 9 5 3 4 7 9 3 9 4 6 1 1 4 6 8 7 2 7
5 3 6 2 4 2 6 6 9 8 2 3 3 7 2 7 3 7 1 8 6 2 1 4 9 8 4 4 8 3 3 2 2 5 6 8 9 7 1 2 8 2 7 7 8 9 3 4 9 4 6 1 5 2 9 7 6 6 9 5 1 8 4 1 5 2 1 8 3 9 5 8 1 7 6 9
5 7 9 5 6 9 1 9 8 6 8 4 9 8 4 9 2 2 3 1 7 9 8 8 5 3 3 3 2 6 3 4 2 1 4 5 7 7 4 5 4 7 2 8 2 1 9 8 4 1 6 2 7 3 1 7 5 9 6 4 4 8
5 4 1 8 9 7 9 4 3 9 3 4 7 8 8 3 5 9 9 7 8 9 3 7 5 6 9 1 6 5 8 8 9 4 6 4 3 1 3 4 4 5 7 5 4 8 3 7 5 2 1 5 5 9 4 2 1 1 4 7 3 2 2 9 7 9 7 5 1 1 2 2 1

31 88 2 42 61
6 5 6 8 4 7 9 5 6 4 1 5 3 5 8 3 2 4 4 5 9 5 5 9 4 6 6 4 8 2 6 2 3 1 3 6 2 5 4 8 4 1 7 1 6 7 9 2 8 5 6 6 8 2 8 9 2 8 7 9 9 9 3 2 6 2 1 2 5 8 1 3 9 5 1 3 6 4 5 7 9 1 4 5 4 2 5 4
4 4
5 5 6 8 3 2 7 7 8 4 9 8 1 8 8 9 2 8 8 5 2 7 3 8 9 1 8 7 4 6 9 4 8 6 7 1 2 9 8 8 3 4
8 6 6 8 1 9 7 1 6 9 1 3 4 8 9 6 2 6 4 4 2 3 5 1 7 9 9 6 2 8 4 9 3 9 1 4 2 2 3 9 3 5 3 9 1 7 6 9 3 8 8 8 3 3 9 2 8 3 2 2 5

18 15 55 80 45
4 1 5 7 6 1 9 2 2 8 9 1 3 7 5
1 2 5 1 5 5 7 3 5 9 4 4 8 7 4 7 8 6 9 9 6 2 7 7 8 4 1 8 6 8 8 6 4 7 8 8 1 4 8 7 2 1 8 7 9 7 6 6 5 1 3 4 1 4 9
3 5 2 3 8 7 3 9 2 2 8 5 9 8 3 5 2 8 2 4 5 1 3 6 9 4 3 6 4 5 2 9 1 4 1 6 3 1 6 1 1 3 2 4 1 1 5 5 4 3 3 5 6 8 6 9 1 8 9 5 8 5 1 4 8 2 2 9 8 4 8 9 1 8 7 6 2 6 4 1
9 4 8 5 6 5 4 2 2 5 7 2 4 6 8 9 9 3 9 3 7 6 8 7 6 5 1 9 4 8 7 4 7 7 9 7 7 5 7 9 1 1 1 2 6

21 23 33 96 93
5 1 5 7 6 7 8 1 7 9 3 1 7 7 3 9 1 6 9 6 4 8 5
9 3 4 1 3 1 3 1 4 2 8 8 7 2 6 9 6 9 4 9 8 4 8 8 7 3 5 3 6 5 5 3 3
5 4 100000000 4 8 1 8 8 8 3 4 3 6 3 1 8 4 2 2 3 4 2 7 5 2 6 2 9 4 1 8 1 9 3 6 7 1 8 2 1 7 9 6 5 9 1 9 9 6 8 8 5 7 8 7 5 8 2 2 7 1 3 1 3 6 2 8 1 6 9 4 2 7 1 9 5 3 6 6 6 4 4 7 8 6 5 4 1 4 8 1 7 9 2 8 7
1 6 8 6 3 4 8 1 2 9 2 9 9 8 2 2 8 5 9 7 2 2 4 8 9 6 1 7 4 9 5 4 7 6 9 4 3 6 4 4 2 1 9 3 2 3 7 2 9 7 4 9 6 9 8 6 4 9 6 7 5 5 4 9 9 6 6 7 3 2 1 1 7 4 1 3 9 6 5 6 1 4 4 7 6 6 3 9 3 4 8 6 6

26 52 5 79 26
8 7 4 4 7 7 7 5 7 7 8 5 8 1 4 2 1 2 9 1 6 1 7 6 3 9 5 9 5 8 9 7 9 6 8 1 2 9 7 7 5 7 9 1 9 1 3 7 5 5 5 9
3 4 2 3 6
3 6 9 2 7 1 3 3 5 9 7 8 5 7 3 7 3 8 9 5 6 4 6 8 5 2 7 3 3 6 1 1 6 2 2 2 2 8 9 4 5 3 7 4 4 4 9 8 2 6 2 3 6 6 1 2 3 4 1 4 5 8 6 1 5 9 4 3 6 5 5 8 5 1 6 8 2 4 8
9 3 6 4 3 6 8 7 9 8 9 8 7 8 5 8 8 7 7 2 8 9 4 3 8 2

17 39 21 14 64
1 6 1 3 5 6 7 6 7 5 5 9 6 8 1 6 8 9 2 2 9 5 1 7 5 1 5 9 6 5 6 1 1 6 2 4 6 7 4
8 1 8 1 1 5 4 1 5 7 7 9 4 2 2 4 2 6 4 2 3
5 3 8 2 7 3 3 4 6 2 6 3 1 4
4 6 1 1 1 1 4 1 4 2 1 3 3 8 3 3 7 5 8 4 9 8 3 5 9 8 9 4 7 9 1 1 9 7 6 3 8 9 7 9 4 2 9 6 4 5 3 1 2 5 5 7 1 3 1 2 8 4 2 5 7 2 5 1

19 32 1 73 93
8 1 4 4 4 9 9 8 7 2 1 2 7 5 7 4 4 4 8 9 2 1 4 3 8 5 9 8 3 4 4 7
3
3 8 1 8 4 6 4 7 3 4 7 1 9 3 4 9 9 7 1 5 2 6 8 4 1 6 6 9 8 5 9 3 6 6 1 9 8 7 7 7 2 2 5 5 5 4 1 2 8 3 5 3 9 8 4 2 7 3 3 9 9 5 4 7 4 5 4 3 8 5 8 3 6
6 8 5 4 3 5 3 1 7 5 7 7 6 5 6 1 4 5 6 6 9 7 7 8 9 2 7 8 9 5 9 1 7 9 7 1 3 4 3 2 4 7 6 3 2 7 6 2 7 4 1 1 8 8 8 4 2 9 1 3 6 3 5 7 1 6 2 3 3 4 5 5 6 4 5 6 7 7 9 4 3 9 8 7 2 6 7 1 7 1 7 7 8

32 36 4 6 38
5 4 7 5 6 5 1 9 8 3 2 3 9 9 5 9 4 1 9 8 5 9 7 4 4 3 1 8 2 5 7 6 7 1 2 1
4 2 5 6
1 8 8 9 7 9
7 1 4 6 2 7 3 4 2 8 2 1 5 5 9 8 7 1 9 2 5 2 9 7 4 3 7 6 4 7 9 5 3 5 9 9 2 8

21 44 27 15 76
3 8 1 3 6 1 1 8 9 4 5 4 2 9 2 5 1 1 6 3 8 7 1 8 6 9 2 6 1 8 1 8 4 8 7 6 9 2 3 9 7 8 9 1
6 3 5 1 8 1 2 5 5 6 6 3 3 2 4 2 5 8 5 5 4 4 2 3 8 8 4
1 6 3 7 3 2 6 5 4 9 3 2 1 5 5
4 7 9 2 8 1 9 5 8 2 8 1 7 8 5 9 7 5 5 5 8 6 9 8 1 6 3 9 1 7 7 7 8 8 5 8 5 8 2 5 3 3 8 3 7 1 8 6 2 9 4 3 7 5 6 4 9 8 5 2 5 1 3 6 4 4 3 2 3 1 3 7 4 6 3 9

15 13 48 25 88
2 1 8 4 3 3 3 3 2 9 3 8 4
9 8 8 100000000 2 6 5 1 4 3 5 1 5 5 2 7 9 6 1 2 9 8 5 3 3 5 9 5 7 2 6 3 4 9 1 4 6 7 8 4 2 8 7 9 2 1 7 5
7 3 1 7 4 5 7 1 6 2 4 1 9 1 8 9 1 9 1 8 3 2 5 3 6
4 4 7 2 4 5 3 8 7 5 2 1 6 4 2 7 2 4 5 9 6 8 4 7 6 7 6 3 1 5 8 6 1 6 8 8 3 9 5 2 7 6 2 8 8 2 4 9 2 4 2 6 6 8 5 4 1 7 1 7 7 7 2 8 5 7 9 9 6 7 7 3 1 6 2 1 4 7 5 3 4 2 8 6 3 3 7 2

21 58 4 75 6
8 7 4 2 7 3 5 7 7 4 9 3 2 9 7 6 8 4 7 2 6 7 9 9 8 6 9 3 6 9 9 3 4 2 4 2 5 9 3 2 7 9 4 8 1 1 4 9 9 3 5 5 4 1 8 8 3 9
1 8 5 8
6 6 7 2 3 8 8 2 1 9 2 5 2 3 2 8 9 2 6 3 8 4 7 6 6 1 5 1 5 7 5 5 6 9 5 4 8 1 6 8 3 7 4 2 7 9 7 3 2 100000000 7 2 4 1 1 1 5 4 7 2 5 7 3 1 3 5 4 3 6 1 1 9 6 9 3
2 6 2 9 3 3

32 87 83 57 5
5 6 9 1 7 6 5 8 7 9 7 9 6 2 9 6 1 2 3 1 9 1 9 7 3 6 1 9 2 5 9 5 6 4 2 8 2 4 3 8 7 7 7 9 1 5 5 2 4 2 1 9 3 7 4 3 9 1 2 1 9 1 8 7 2 8 5 3 7 8 3 3 5 1 1 7 1 7 4 5 4 3 5 4 5 6 6
5 1 6 4 6 7 9 7 4 9 1 1 4 7 6 2 4 5 7 7 2 9 6 6 9 9 4 8 7 9 7 3 7 3 3 8 3 9 5 6 6 4 3 2 5 8 7 6 6 5 5 4 6 9 3 8 7 4 1 7 5 7 3 3 2 1 8 9 5 9 2 9 9 7 5 1 6 5 2 1 4 9 8
5 8 2 3 3 7 4 6 7 5 5 4 7 3 7 8 1 1 9 2 8 4 7 7 4 9 5 7 4 6 5 4 4 9 9 4 7 8 3 5 7 2 3 7 7 6 7 2 9 5 6 2 6 3 7 5 8
7 1 9 2 8

12 10 2 24 75
3 8 5 5 1 7 6 6 4 4
6 100000000
1 1 1 4 9 5 6 1 2 6 4 9 5 4 5 6 2 3 6 4 5 9 5 2
3 2 3 1 4 6 3 7 2 1 7 4 1 4 3 8 6 5 2 9 6 7 7 8 5 6 1 4 4 1 4 1 9 9 7 2 2 2 6 7 1 1 5 8 1 2 9 8 1 3 5 6 6 1 3 2 5 4 7 9 8 7 5 4 5 6 9 8 1 7 7 5 6 6 5

0 0 0 0 0
