5
3 1 17 15
6 14 4 17 7 19 9 16
2 12 1 13 2 14 3 13
8 9 8 12 9 12 9 9
12 14 10 18 12 19 14 15
12 6 18 9 19 7 13 4
5
1 -3 15 -17
14 -6 17 -4 19 -7 16 -9
12 -2 13 -1 14 -2 13 -3
9 -8 12 -8 12 -9 9 -9
14 -12 18 -10 19 -12 15 -14
6 -12 9 -18 7 -19 4 -13
5
-3 -1 -17 -15
-6 -14 -4 -17 -7 -19 -9 -16
-2 -12 -1 -13 -2 -14 -3 -13
-8 -9 -8 -12 -9 -12 -9 -9
-12 -14 -10 -18 -12 -19 -14 -15
-12 -6 -18 -9 -19 -7 -13 -4
5
-1 3 -15 17
-14 6 -17 4 -19 7 -16 9
-12 2 -13 1 -14 2 -13 3
-9 8 -12 8 -12 9 -9 9
-14 12 -18 10 -19 12 -15 14
-6 12 -9 18 -7 19 -4 13
5
4 2 32 2
20 -8 21 -13 26 -12 25 -7
14 -10 14 -12 16 -12 16 -10
17 -1 20 -4 21 -3 18 0
26 -2 28 -8 31 -7 29 -1
18 6 27 9 26 12 17 9
2
0 0 0 10
0 15 1 15 1 16 0 16
0 11 5 11 5 13 0 13
2
0 0 10 0
15 0 15 -1 16 -1 16 0
11 0 11 -5 13 -5 13 0
2
0 0 0 -10
0 -15 -1 -15 -1 -16 0 -16
0 -11 -5 -11 -5 -13 0 -13
2
0 0 -10 0
-15 0 -15 1 -16 1 -16 0
-11 0 -11 5 -13 5 -13 0
2
0 0 10 -10
15 -15 16 -14 17 -15 16 -16
11 -11 16 -6 18 -8 13 -13
2
0 0 0 10
0 11 5 11 5 13 0 13
0 15 1 15 1 16 0 16
2
0 0 10 0
11 0 11 -5 13 -5 13 0
15 0 15 -1 16 -1 16 0
2
0 0 0 -10
0 -11 -5 -11 -5 -13 0 -13
0 -15 -1 -15 -1 -16 0 -16
2
0 0 -10 0
-11 0 -11 5 -13 5 -13 0
-15 0 -15 1 -16 1 -16 0
2
0 0 10 -10
11 -11 16 -6 18 -8 13 -13
15 -15 16 -14 17 -15 16 -16
2
0 0 0 10
0 15 1 15 1 16 0 16
0 -2 0 -4 5 -4 5 -2
2
0 0 10 0
15 0 15 -1 16 -1 16 0
-2 0 -4 0 -4 -5 -2 -5
2
0 0 0 -10
0 -15 -1 -15 -1 -16 0 -16
0 2 0 4 -5 4 -5 2
2
0 0 -10 0
-15 0 -15 1 -16 1 -16 0
2 0 4 0 4 5 2 5
2
0 0 10 -10
15 -15 16 -14 17 -15 16 -16
-2 2 -4 4 1 9 3 7
2
0 0 0 10
0 15 1 15 1 16 0 16
-3 -2 -3 -5 3 -5 3 -2
2
0 0 10 0
15 0 15 -1 16 -1 16 0
-2 3 -5 3 -5 -3 -2 -3
2
0 0 0 -10
0 -15 -1 -15 -1 -16 0 -16
3 2 3 5 -3 5 -3 2
2
0 0 -10 0
-15 0 -15 1 -16 1 -16 0
2 -3 5 -3 5 3 2 3
2
0 0 10 -10
15 -15 16 -14 17 -15 16 -16
-5 -1 -8 2 -2 8 1 5
2
0 0 0 10
0 15 1 15 1 16 0 16
-3 11 -3 12 5 12 5 11
2
0 0 10 0
15 0 15 -1 16 -1 16 0
11 3 12 3 12 -5 11 -5
2
0 0 0 -10
0 -15 -1 -15 -1 -16 0 -16
3 -11 3 -12 -5 -12 -5 -11
2
0 0 -10 0
-15 0 -15 1 -16 1 -16 0
-11 -3 -12 -3 -12 5 -11 5
2
0 0 10 -10
15 -15 16 -14 17 -15 16 -16
8 -14 9 -15 17 -7 16 -6
2
0 0 0 10
0 15 1 15 1 16 0 16
3 5 8 5 8 9 3 9
2
0 0 10 0
15 0 15 -1 16 -1 16 0
5 -3 5 -8 9 -8 9 -3
2
0 0 0 -10
0 -15 -1 -15 -1 -16 0 -16
-3 -5 -8 -5 -8 -9 -3 -9
2
0 0 -10 0
-15 0 -15 1 -16 1 -16 0
-5 3 -5 8 -9 8 -9 3
2
0 0 10 -10
15 -15 16 -14 17 -15 16 -16
8 -2 13 3 17 -1 12 -6
2
0 0 0 10
0 15 1 15 1 16 0 16
0 11 -5 11 -5 13 0 13
2
0 0 10 0
15 0 15 -1 16 -1 16 0
11 0 11 5 13 5 13 0
2
0 0 0 -10
0 -15 -1 -15 -1 -16 0 -16
0 -11 5 -11 5 -13 0 -13
2
0 0 -10 0
-15 0 -15 1 -16 1 -16 0
-11 0 -11 -5 -13 -5 -13 0
2
0 0 10 -10
15 -15 16 -14 17 -15 16 -16
11 -11 6 -16 8 -18 13 -13
2
0 0 0 10
0 15 1 15 1 16 0 16
0 13 -1 14 -2 13 -1 12
2
0 0 10 0
15 0 15 -1 16 -1 16 0
13 0 14 1 13 2 12 1
2
0 0 0 -10
0 -15 -1 -15 -1 -16 0 -16
0 -13 1 -14 2 -13 1 -12
2
0 0 -10 0
-15 0 -15 1 -16 1 -16 0
-13 0 -14 -1 -13 -2 -12 -1
2
0 0 10 -10
15 -15 16 -14 17 -15 16 -16
13 -13 13 -15 11 -15 11 -13
2
0 0 0 10
0 15 1 15 1 16 0 16
0 13 1 14 2 13 1 12
2
0 0 10 0
15 0 15 -1 16 -1 16 0
13 0 14 -1 13 -2 12 -1
2
0 0 0 -10
0 -15 -1 -15 -1 -16 0 -16
0 -13 -1 -14 -2 -13 -1 -12
2
0 0 -10 0
-15 0 -15 1 -16 1 -16 0
-13 0 -14 1 -13 2 -12 1
2
0 0 10 -10
15 -15 16 -14 17 -15 16 -16
13 -13 15 -13 15 -11 13 -11
2
0 0 0 10
0 15 1 15 1 16 0 16
0 -3 -1 -4 -2 -3 -1 -2
2
0 0 10 0
15 0 15 -1 16 -1 16 0
-3 0 -4 1 -3 2 -2 1
2
0 0 0 -10
0 -15 -1 -15 -1 -16 0 -16
0 3 1 4 2 3 1 2
2
0 0 -10 0
-15 0 -15 1 -16 1 -16 0
3 0 4 -1 3 -2 2 -1
2
0 0 10 -10
15 -15 16 -14 17 -15 16 -16
-3 3 -5 3 -5 1 -3 1
2
0 0 0 10
0 15 1 15 1 16 0 16
0 -3 1 -4 2 -3 1 -2
2
0 0 10 0
15 0 15 -1 16 -1 16 0
-3 0 -4 -1 -3 -2 -2 -1
2
0 0 0 -10
0 -15 -1 -15 -1 -16 0 -16
0 3 -1 4 -2 3 -1 2
2
0 0 -10 0
-15 0 -15 1 -16 1 -16 0
3 0 4 1 3 2 2 1
2
0 0 10 -10
15 -15 16 -14 17 -15 16 -16
-3 3 -3 5 -1 5 -1 3
2
0 0 0 10
0 15 10 15 10 25 0 25
0 11 1 11 1 12 0 12
2
0 0 10 0
15 0 15 -10 25 -10 25 0
11 0 11 -1 12 -1 12 0
2
0 0 0 -10
0 -15 -10 -15 -10 -25 0 -25
0 -11 -1 -11 -1 -12 0 -12
2
0 0 -10 0
-15 0 -15 10 -25 10 -25 0
-11 0 -11 1 -12 1 -12 0
2
0 0 10 -10
15 -15 25 -5 35 -15 25 -25
11 -11 12 -10 13 -11 12 -12
2
0 0 0 10
-5 15 5 15 5 25 -5 25
0 11 1 11 1 12 0 12
2
0 0 10 0
15 5 15 -5 25 -5 25 5
11 0 11 -1 12 -1 12 0
2
0 0 0 -10
5 -15 -5 -15 -5 -25 5 -25
0 -11 -1 -11 -1 -12 0 -12
2
0 0 -10 0
-15 -5 -15 5 -25 5 -25 -5
-11 0 -11 1 -12 1 -12 0
2
0 0 10 -10
10 -20 20 -10 30 -20 20 -30
11 -11 12 -10 13 -11 12 -12
2
0 0 0 10
0 15 10 15 10 25 0 25
-1 11 1 11 1 12 -1 12
2
0 0 10 0
15 0 15 -10 25 -10 25 0
11 1 11 -1 12 -1 12 1
2
0 0 0 -10
0 -15 -10 -15 -10 -25 0 -25
1 -11 -1 -11 -1 -12 1 -12
2
0 0 -10 0
-15 0 -15 10 -25 10 -25 0
-11 -1 -11 1 -12 1 -12 -1
2
0 0 10 -10
15 -15 25 -5 35 -15 25 -25
10 -12 12 -10 13 -11 11 -13
2
0 0 0 10
-5 15 5 15 5 25 -5 25
-1 11 1 11 1 12 -1 12
2
0 0 10 0
15 5 15 -5 25 -5 25 5
11 1 11 -1 12 -1 12 1
2
0 0 0 -10
5 -15 -5 -15 -5 -25 5 -25
1 -11 -1 -11 -1 -12 1 -12
2
0 0 -10 0
-15 -5 -15 5 -25 5 -25 -5
-11 -1 -11 1 -12 1 -12 -1
2
0 0 10 -10
10 -20 20 -10 30 -20 20 -30
10 -12 12 -10 13 -11 11 -13
2
-5 -5 5 -5
0 0 -1 1 0 2 1 1
-2 -2 2 -2 2 -3 -2 -3
2
-5 5 -5 -5
0 0 1 1 2 0 1 -1
-2 2 -2 -2 -3 -2 -3 2
2
5 5 -5 5
0 0 1 -1 0 -2 -1 -1
2 2 -2 2 -2 3 2 3
2
5 -5 5 5
0 0 -1 -1 -2 0 -1 1
2 -2 2 2 3 2 3 -2
2
-10 0 0 10
0 0 0 -2 2 -2 2 0
-4 0 0 4 -1 5 -5 1
2
-10 -5 7 -5
0 0 -1 1 0 2 1 1
-2 -2 2 -2 2 -3 -2 -3
2
-5 10 -5 -7
0 0 1 1 2 0 1 -1
-2 2 -2 -2 -3 -2 -3 2
2
10 5 -7 5
0 0 1 -1 0 -2 -1 -1
2 2 -2 2 -2 3 2 3
2
5 -10 5 7
0 0 -1 -1 -2 0 -1 1
2 -2 2 2 3 2 3 -2
2
-15 -5 2 12
0 0 0 -2 2 -2 2 0
-4 0 0 4 -1 5 -5 1
2
-5 -5 -7 -7
0 0 -1 1 0 2 1 1
-2 -2 2 -2 2 -3 -2 -3
2
-5 5 -7 7
0 0 1 1 2 0 1 -1
-2 2 -2 -2 -3 -2 -3 2
2
5 5 7 7
0 0 1 -1 0 -2 -1 -1
2 2 -2 2 -2 3 2 3
2
5 -5 7 -7
0 0 -1 -1 -2 0 -1 1
2 -2 2 2 3 2 3 -2
2
-10 0 -14 0
0 0 0 -2 2 -2 2 0
-4 0 0 4 -1 5 -5 1
2
-5 -5 -7 -7
0 0 1 1 2 0 1 -1
-2 -2 2 -2 2 -3 -2 -3
2
-5 5 -7 7
0 0 1 -1 0 -2 -1 -1
-2 2 -2 -2 -3 -2 -3 2
2
5 5 7 7
0 0 -1 -1 -2 0 -1 1
2 2 -2 2 -2 3 2 3
2
5 -5 7 -7
0 0 -1 1 0 2 1 1
2 -2 2 2 3 2 3 -2
2
-10 0 -14 0
0 0 2 0 2 2 0 2
-4 0 0 4 -1 5 -5 1
2
-4 -5 5 -5
0 0 -1 1 0 2 1 1
-2 -2 2 -2 2 -3 -2 -3
2
-5 4 -5 -5
0 0 1 1 2 0 1 -1
-2 2 -2 -2 -3 -2 -3 2
2
4 5 -5 5
0 0 1 -1 0 -2 -1 -1
2 2 -2 2 -2 3 2 3
2
5 -4 5 5
0 0 -1 -1 -2 0 -1 1
2 -2 2 2 3 2 3 -2
2
-9 1 0 10
0 0 0 -2 2 -2 2 0
-4 0 0 4 -1 5 -5 1
2
-5 -5 4 -5
0 0 -1 1 0 2 1 1
-2 -2 2 -2 2 -3 -2 -3
2
-5 5 -5 -4
0 0 1 1 2 0 1 -1
-2 2 -2 -2 -3 -2 -3 2
2
5 5 -4 5
0 0 1 -1 0 -2 -1 -1
2 2 -2 2 -2 3 2 3
2
5 -5 5 4
0 0 -1 -1 -2 0 -1 1
2 -2 2 2 3 2 3 -2
2
-10 0 -1 9
0 0 0 -2 2 -2 2 0
-4 0 0 4 -1 5 -5 1
2
7 -5 5 -5
0 0 -1 1 0 2 1 1
-2 -2 2 -2 2 -3 -2 -3
2
-5 -7 -5 -5
0 0 1 1 2 0 1 -1
-2 2 -2 -2 -3 -2 -3 2
2
-7 5 -5 5
0 0 1 -1 0 -2 -1 -1
2 2 -2 2 -2 3 2 3
2
5 7 5 5
0 0 -1 -1 -2 0 -1 1
2 -2 2 2 3 2 3 -2
2
2 12 0 10
0 0 0 -2 2 -2 2 0
-4 0 0 4 -1 5 -5 1
2
-1 -1 1 -1
0 0 -1 1 0 2 1 1
-2 -2 2 -2 2 -3 -2 -3
2
-1 1 -1 -1
0 0 1 1 2 0 1 -1
-2 2 -2 -2 -3 -2 -3 2
2
1 1 -1 1
0 0 1 -1 0 -2 -1 -1
2 2 -2 2 -2 3 2 3
2
1 -1 1 1
0 0 -1 -1 -2 0 -1 1
2 -2 2 2 3 2 3 -2
2
-2 0 0 2
0 0 0 -2 2 -2 2 0
-4 0 0 4 -1 5 -5 1
2
-1 5 1 5
0 0 -1 1 0 2 1 1
-2 -2 2 -2 2 -3 -2 -3
2
5 1 5 -1
0 0 1 1 2 0 1 -1
-2 2 -2 -2 -3 -2 -3 2
2
1 -5 -1 -5
0 0 1 -1 0 -2 -1 -1
2 2 -2 2 -2 3 2 3
2
-5 -1 -5 1
0 0 -1 -1 -2 0 -1 1
2 -2 2 2 3 2 3 -2
2
4 -6 6 -4
0 0 0 -2 2 -2 2 0
-4 0 0 4 -1 5 -5 1
2
3 3 5 5
0 0 -1 1 0 2 1 1
-2 -2 2 -2 2 -3 -2 -3
2
3 -3 5 -5
0 0 1 1 2 0 1 -1
-2 2 -2 -2 -3 -2 -3 2
2
-3 -3 -5 -5
0 0 1 -1 0 -2 -1 -1
2 2 -2 2 -2 3 2 3
2
-3 3 -5 5
0 0 -1 -1 -2 0 -1 1
2 -2 2 2 3 2 3 -2
2
6 0 10 0
0 0 0 -2 2 -2 2 0
-4 0 0 4 -1 5 -5 1
2
0 0 0 1
3 -4 11 -8 13 -4 5 0
6 -6 6 -9 -6 -9 -6 -6
2
0 0 1 0
-4 -3 -8 -11 -4 -13 0 -5
-6 -6 -9 -6 -9 6 -6 6
2
0 0 0 -1
-3 4 -11 8 -13 4 -5 0
-6 6 -6 9 6 9 6 6
2
0 0 -1 0
4 3 8 11 4 13 0 5
6 6 9 6 9 -6 6 -6
2
0 0 1 -1
-1 7 3 19 9 17 5 5
0 12 -3 15 -15 3 -12 0
2
-5 5 5 5
-5 -5 -4 -5 -4 -4 -5 -4
4 4 5 4 5 3 4 3
2
5 5 5 -5
-5 5 -5 4 -4 4 -4 5
4 -4 4 -5 3 -5 3 -4
2
5 -5 -5 -5
5 5 4 5 4 4 5 4
-4 -4 -5 -4 -5 -3 -4 -3
2
-5 -5 -5 5
5 -5 5 -4 4 -4 4 -5
-4 4 -4 5 -3 5 -3 4
2
0 -10 10 0
-10 0 -9 1 -8 0 -9 -1
8 0 9 1 8 2 7 1
2
-10000 10000 10000 10000
-10000 -10000 -9999 -10000 -9999 -9999 -10000 -9999
9999 -9999 10000 -9999 10000 -9998 9999 -9998
2
10000 10000 10000 -10000
-10000 10000 -10000 9999 -9999 9999 -9999 10000
-9999 -9999 -9999 -10000 -9998 -10000 -9998 -9999
2
10000 -10000 -10000 -10000
10000 10000 9999 10000 9999 9999 10000 9999
-9999 9999 -10000 9999 -10000 9998 -9999 9998
2
-10000 -10000 -10000 10000
10000 -10000 10000 -9999 9999 -9999 9999 -10000
9999 9999 9999 10000 9998 10000 9998 9999
2
-10000 10000 10000 10000
9999 -9999 10000 -9999 10000 -9998 9999 -9998
-10000 -10000 -9999 -10000 -9999 -9999 -10000 -9999
2
10000 10000 10000 -10000
-9999 -9999 -9999 -10000 -9998 -10000 -9998 -9999
-10000 10000 -10000 9999 -9999 9999 -9999 10000
2
10000 -10000 -10000 -10000
-9999 9999 -10000 9999 -10000 9998 -9999 9998
10000 10000 9999 10000 9999 9999 10000 9999
2
-10000 -10000 -10000 10000
9999 9999 9999 10000 9998 10000 9998 9999
10000 -10000 10000 -9999 9999 -9999 9999 -10000
2
-10000 10000 10000 10000
-10000 -10000 -9999 -10000 -9999 -9999 -10000 -9999
9999 9999 10000 9999 10000 9998 9999 9998
2
10000 10000 10000 -10000
-10000 10000 -10000 9999 -9999 9999 -9999 10000
9999 -9999 9999 -10000 9998 -10000 9998 -9999
2
10000 -10000 -10000 -10000
10000 10000 9999 10000 9999 9999 10000 9999
-9999 -9999 -10000 -9999 -10000 -9998 -9999 -9998
2
-10000 -10000 -10000 10000
10000 -10000 10000 -9999 9999 -9999 9999 -10000
-9999 9999 -9999 10000 -9998 10000 -9998 9999
2
-10000 10000 10000 10000
9999 9999 10000 9999 10000 9998 9999 9998
-10000 -10000 -9999 -10000 -9999 -9999 -10000 -9999
2
10000 10000 10000 -10000
9999 -9999 9999 -10000 9998 -10000 9998 -9999
-10000 10000 -10000 9999 -9999 9999 -9999 10000
2
10000 -10000 -10000 -10000
-9999 -9999 -10000 -9999 -10000 -9998 -9999 -9998
10000 10000 9999 10000 9999 9999 10000 9999
2
-10000 -10000 -10000 10000
-9999 9999 -9999 10000 -9998 10000 -9998 9999
10000 -10000 10000 -9999 9999 -9999 9999 -10000
2
0 -10000 0 -9999
-10000 10000 10000 10000 10000 0 -10000 0
-1 -1 1 -1 1 -2 -1 -2
2
-10000 0 -9999 0
10000 10000 10000 -10000 0 -10000 0 10000
-1 1 -1 -1 -2 -1 -2 1
2
0 10000 0 9999
10000 -10000 -10000 -10000 -10000 0 10000 0
1 1 -1 1 -1 2 1 2
2
10000 0 9999 0
-10000 -10000 -10000 10000 0 10000 0 -10000
1 -1 1 1 2 1 2 -1
2
0 -10000 0 -9999
-10000 10000 10000 10000 10000 0 -10000 0
-5000 -1 -4999 -1 -4999 -2 -5000 -2
2
-10000 0 -9999 0
10000 10000 10000 -10000 0 -10000 0 10000
-1 5000 -1 4999 -2 4999 -2 5000
2
0 10000 0 9999
10000 -10000 -10000 -10000 -10000 0 10000 0
5000 1 4999 1 4999 2 5000 2
2
10000 0 9999 0
-10000 -10000 -10000 10000 0 10000 0 -10000
1 -5000 1 -4999 2 -4999 2 -5000
2
9 -2 3 -10
0 0 -1 1 0 2 1 1
-3 -3 3 -3 3 -4 -3 -4
2
-2 -9 -10 -3
0 0 1 1 2 0 1 -1
-3 3 -3 -3 -4 -3 -4 3
2
-9 2 -3 10
0 0 1 -1 0 -2 -1 -1
3 3 -3 3 -3 4 3 4
2
2 9 10 3
0 0 -1 -1 -2 0 -1 1
3 -3 3 3 4 3 4 -3
2
7 11 -7 13
0 0 0 -2 2 -2 2 0
-6 0 0 6 -1 7 -7 1
2
1 -2 1 0
0 0 -1 1 0 2 1 1
-3 -3 3 -3 3 -4 -3 -4
2
-2 -1 0 -1
0 0 1 1 2 0 1 -1
-3 3 -3 -3 -4 -3 -4 3
2
-1 2 -1 0
0 0 1 -1 0 -2 -1 -1
3 3 -3 3 -3 4 3 4
2
2 1 0 1
0 0 -1 -1 -2 0 -1 1
3 -3 3 3 4 3 4 -3
2
-1 3 1 1
0 0 0 -2 2 -2 2 0
-6 0 0 6 -1 7 -7 1
2
1 -1 1 0
0 0 -1 1 0 2 1 1
-3 -3 3 -3 3 -4 -3 -4
2
-1 -1 0 -1
0 0 1 1 2 0 1 -1
-3 3 -3 -3 -4 -3 -4 3
2
-1 1 -1 0
0 0 1 -1 0 -2 -1 -1
3 3 -3 3 -3 4 3 4
2
1 1 0 1
0 0 -1 -1 -2 0 -1 1
3 -3 3 3 4 3 4 -3
2
0 2 1 1
0 0 0 -2 2 -2 2 0
-6 0 0 6 -1 7 -7 1
2
1 -2 1 -1
0 0 -1 1 0 2 1 1
-3 -3 3 -3 3 -4 -3 -4
2
-2 -1 -1 -1
0 0 1 1 2 0 1 -1
-3 3 -3 -3 -4 -3 -4 3
2
-1 2 -1 1
0 0 1 -1 0 -2 -1 -1
3 3 -3 3 -3 4 3 4
2
2 1 1 1
0 0 -1 -1 -2 0 -1 1
3 -3 3 3 4 3 4 -3
2
-1 3 0 2
0 0 0 -2 2 -2 2 0
-6 0 0 6 -1 7 -7 1
1
0 0 3 4
10 20 20 20 20 30 10 30
1
0 0 4 -3
20 -10 20 -20 30 -20 30 -10
1
0 0 -3 -4
-10 -20 -20 -20 -20 -30 -10 -30
1
0 0 -4 3
-20 10 -20 20 -30 20 -30 10
1
0 0 7 -1
30 -10 40 0 50 -10 40 -20
3
-5 -1 5 -1
-1 5 -1 6 1 6 1 5
-1 1 -1 0 -5 0 -5 1
1 1 1 0 5 0 5 1
3
-1 5 -1 -5
5 1 6 1 6 -1 5 -1
1 1 0 1 0 5 1 5
1 -1 0 -1 0 -5 1 -5
3
5 1 -5 1
1 -5 1 -6 -1 -6 -1 -5
1 -1 1 0 5 0 5 -1
-1 -1 -1 0 -5 0 -5 -1
3
1 -5 1 5
-5 -1 -6 -1 -6 1 -5 1
-1 -1 0 -1 0 -5 -1 -5
-1 1 0 1 0 5 -1 5
3
-6 -4 4 6
4 -6 5 -7 7 -5 6 -4
0 -2 -1 -1 -5 -5 -4 -6
2 0 1 1 5 5 6 4
4
-5 -1 5 -1
-1 5 -1 6 1 6 1 5
-1 1 -1 0 -5 0 -5 1
1 1 1 0 5 0 5 1
-1 2 -1 3 1 3 1 2
4
-1 5 -1 -5
5 1 6 1 6 -1 5 -1
1 1 0 1 0 5 1 5
1 -1 0 -1 0 -5 1 -5
2 1 3 1 3 -1 2 -1
4
5 1 -5 1
1 -5 1 -6 -1 -6 -1 -5
1 -1 1 0 5 0 5 -1
-1 -1 -1 0 -5 0 -5 -1
1 -2 1 -3 -1 -3 -1 -2
4
1 -5 1 5
-5 -1 -6 -1 -6 1 -5 1
-1 -1 0 -1 0 -5 -1 -5
-1 1 0 1 0 5 -1 5
-2 -1 -3 -1 -3 1 -2 1
4
-6 -4 4 6
4 -6 5 -7 7 -5 6 -4
0 -2 -1 -1 -5 -5 -4 -6
2 0 1 1 5 5 6 4
1 -3 2 -4 4 -2 3 -1
100
-10000 10000 10000 10000
0 -10000 1000 -10000 1000 -9999 0 -9999
-2963 -1396 -2958 -1396 -2958 -1392 -2963 -1392
249 -2152 250 -2152 250 -2147 249 -2147
-9527 -7951 -9524 -7951 -9524 -7941 -9527 -7941
-369 934 -359 934 -359 943 -369 943
1351 -5399 1357 -5399 1357 -5395 1351 -5395
9156 -9335 9160 -9335 9160 -9328 9156 -9328
2020 1156 2028 1156 2028 1159 2020 1159
6813 8299 6814 8299 6814 8303 6813 8303
-2743 -2329 -2737 -2329 -2737 -2326 -2743 -2326
2976 7623 2986 7623 2986 7632 2976 7632
-5629 4884 -5621 4884 -5621 4891 -5629 4891
3497 -4274 3505 -4274 3505 -4271 3497 -4271
1105 -4768 1111 -4768 1111 -4767 1105 -4767
-3756 5594 -3753 5594 -3753 5602 -3756 5602
5993 2127 6000 2127 6000 2130 5993 2130
-292 9247 -282 9247 -282 9253 -292 9253
-1122 9623 -1116 9623 -1116 9632 -1122 9632
-8345 -4685 -8336 -4685 -8336 -4679 -8345 -4679
5647 -1288 5657 -1288 5657 -1287 5647 -1287
-4700 2886 -4694 2886 -4694 2893 -4700 2893
-564 4164 -556 4164 -556 4168 -564 4168
-9556 -5140 -9552 -5140 -9552 -5130 -9556 -5130
9163 3836 9165 3836 9165 3846 9163 3846
-7443 -7267 -7435 -7267 -7435 -7263 -7443 -7263
-2153 -4663 -2152 -4663 -2152 -4661 -2153 -4661
-8657 -9586 -8656 -9586 -8656 -9584 -8657 -9584
233 -180 241 -180 241 -171 233 -171
566 1272 567 1272 567 1273 566 1273
6716 8438 6720 8438 6720 8447 6716 8447
7551 -5310 7552 -5310 7552 -5308 7551 -5308
-8229 -8923 -8223 -8923 -8223 -8920 -8229 -8920
7930 698 7936 698 7936 706 7930 706
2380 9793 2381 9793 2381 9798 2380 9798
1130 9065 1135 9065 1135 9069 1130 9069
-3944 6886 -3939 6886 -3939 6888 -3944 6888
9417 -7659 9422 -7659 9422 -7651 9417 -7651
6474 -1308 6480 -1308 6480 -1300 6474 -1300
-8677 5785 -8669 5785 -8669 5790 -8677 5790
-7718 -5098 -7710 -5098 -7710 -5096 -7718 -5096
-9549 -8037 -9544 -8037 -9544 -8032 -9549 -8032
-4464 898 -4457 898 -4457 908 -4464 908
9262 -6215 9269 -6215 9269 -6214 9262 -6214
-4735 -346 -4734 -346 -4734 -338 -4735 -338
7584 4181 7590 4181 7590 4187 7584 4187
5816 1569 5821 1569 5821 1576 5816 1576
7966 4647 7967 4647 7967 4657 7966 4657
248 -3900 258 -3900 258 -3894 248 -3894
-2798 -7824 -2788 -7824 -2788 -7815 -2798 -7815
4880 -2790 4884 -2790 4884 -2781 4880 -2781
8515 2679 8518 2679 8518 2682 8515 2682
-5816 7021 -5807 7021 -5807 7031 -5816 7031
-1095 5514 -1091 5514 -1091 5521 -1095 5521
-6895 -406 -6894 -406 -6894 -397 -6895 -397
404 2281 413 2281 413 2284 404 2284
-3939 8668 -3934 8668 -3934 8673 -3939 8673
9109 67 9115 67 9115 71 9109 71
-9539 2178 -9530 2178 -9530 2187 -9539 2187
8282 1786 8288 1786 8288 1793 8282 1793
-764 1166 -757 1166 -757 1170 -764 1170
-9145 2260 -9143 2260 -9143 2261 -9145 2261
-1780 -5512 -1778 -5512 -1778 -5506 -1780 -5506
-9911 -7219 -9910 -7219 -9910 -7215 -9911 -7215
-2313 4837 -2306 4837 -2306 4845 -2313 4845
225 -7958 233 -7958 233 -7953 225 -7953
7803 -7915 7810 -7915 7810 -7905 7803 -7905
-29 -1215 -20 -1215 -20 -1211 -29 -1211
113 -1348 123 -1348 123 -1344 113 -1344
6956 -7350 6964 -7350 6964 -7345 6956 -7345
2999 -7904 3004 -7904 3004 -7894 2999 -7894
-2857 -9406 -2850 -9406 -2850 -9405 -2857 -9405
-5515 2882 -5509 2882 -5509 2890 -5515 2890
5278 -3869 5285 -3869 5285 -3859 5278 -3859
-8751 4393 -8746 4393 -8746 4396 -8751 4396
2213 -9859 2222 -9859 2222 -9852 2213 -9852
2506 1088 2515 1088 2515 1090 2506 1090
-8715 1798 -8712 1798 -8712 1807 -8715 1807
-8401 300 -8393 300 -8393 301 -8401 301
-7481 -2124 -7477 -2124 -7477 -2114 -7481 -2114
-4103 2811 -4096 2811 -4096 2815 -4103 2815
-8198 -3717 -8197 -3717 -8197 -3708 -8198 -3708
-7291 -3396 -7281 -3396 -7281 -3387 -7291 -3387
5375 3268 5385 3268 5385 3273 5375 3273
919 5058 926 5058 926 5062 919 5062
427 -1490 432 -1490 432 -1483 427 -1483
4556 -9547 4566 -9547 4566 -9546 4556 -9546
8768 8025 8773 8025 8773 8031 8768 8031
-8075 -3307 -8067 -3307 -8067 -3306 -8075 -3306
9508 5093 9518 5093 9518 5100 9508 5100
-624 8290 -618 8290 -618 8297 -624 8297
-7610 8446 -7608 8446 -7608 8447 -7610 8447
-129 8404 -122 8404 -122 8412 -129 8412
-8549 4932 -8539 4932 -8539 4935 -8549 4935
2839 7054 2840 7054 2840 7058 2839 7058
-6156 -5699 -6146 -5699 -6146 -5697 -6156 -5697
9287 2324 9295 2324 9295 2333 9287 2333
-3968 3391 -3963 3391 -3963 3396 -3968 3396
-1634 5136 -1624 5136 -1624 5137 -1634 5137
1299 3789 1304 3789 1304 3792 1299 3792
-8831 -9520 -8829 -9520 -8829 -9515 -8831 -9515
100
-10000 0 10000 0
-10000 10000 10000 10000 10000 9999 -10000 9999
-3115 -2 -3062 -2 -3062 -3 -3115 -3
9898 -4 9985 -4 9985 -5 9898 -5
6690 -6 6735 -6 6735 -7 6690 -7
-540 8 -533 8 -533 9 -540 9
-5456 10 -5439 10 -5439 11 -5456 11
-4090 12 -4010 12 -4010 13 -4090 13
-9764 -14 -9707 -14 -9707 -15 -9764 -15
-605 -16 -551 -16 -551 -17 -605 -17
8196 -18 8230 -18 8230 -19 8196 -19
-3510 -20 -3451 -20 -3451 -21 -3510 -21
7855 22 7909 22 7909 23 7855 23
-9030 24 -8998 24 -8998 25 -9030 25
441 -26 524 -26 524 -27 441 -27
1091 28 1095 28 1095 29 1091 29
-761 30 -671 30 -671 31 -761 31
3484 -32 3512 -32 3512 -33 3484 -33
-3057 -34 -3017 -34 -3017 -35 -3057 -35
4264 36 4295 36 4295 37 4264 37
-774 -38 -682 -38 -682 -39 -774 -39
-8205 -40 -8171 -40 -8171 -41 -8205 -41
-2566 42 -2471 42 -2471 43 -2566 43
-6479 44 -6441 44 -6441 45 -6479 45
3484 -46 3542 -46 3542 -47 3484 -47
-7493 48 -7395 48 -7395 49 -7493 49
-1448 -50 -1447 -50 -1447 -51 -1448 -51
-7456 -52 -7398 -52 -7398 -53 -7456 -53
4776 54 4850 54 4850 55 4776 55
9842 56 9907 56 9907 57 9842 57
-7061 58 -6978 58 -6978 59 -7061 59
4602 60 4627 60 4627 61 4602 61
-7273 -62 -7182 -62 -7182 -63 -7273 -63
7074 -64 7087 -64 7087 -65 7074 -65
7559 -66 7616 -66 7616 -67 7559 -67
2190 -68 2287 -68 2287 -69 2190 -69
5636 -70 5639 -70 5639 -71 5636 -71
2630 72 2688 72 2688 73 2630 73
-7658 -74 -7634 -74 -7634 -75 -7658 -75
-327 -76 -298 -76 -298 -77 -327 -77
6441 -78 6491 -78 6491 -79 6441 -79
8481 80 8522 80 8522 81 8481 81
-1449 -82 -1430 -82 -1430 -83 -1449 -83
-250 84 -162 84 -162 85 -250 85
-3974 -86 -3936 -86 -3936 -87 -3974 -87
6523 88 6563 88 6563 89 6523 89
-4646 90 -4569 90 -4569 91 -4646 91
7631 -92 7642 -92 7642 -93 7631 -93
-2667 -94 -2607 -94 -2607 -95 -2667 -95
3217 -96 3307 -96 3307 -97 3217 -97
-4796 98 -4781 98 -4781 99 -4796 99
5870 100 5956 100 5956 101 5870 101
-7061 -102 -6989 -102 -6989 -103 -7061 -103
3122 104 3156 104 3156 105 3122 105
3315 106 3412 106 3412 107 3315 107
8356 -108 8444 -108 8444 -109 8356 -109
3892 -110 3917 -110 3917 -111 3892 -111
8854 112 8947 112 8947 113 8854 113
8340 -114 8430 -114 8430 -115 8340 -115
6880 -116 6903 -116 6903 -117 6880 -117
-3619 -118 -3535 -118 -3535 -119 -3619 -119
5773 120 5828 120 5828 121 5773 121
8752 -122 8757 -122 8757 -123 8752 -123
2165 -124 2183 -124 2183 -125 2165 -125
8448 126 8521 126 8521 127 8448 127
3337 128 3418 128 3418 129 3337 129
760 130 815 130 815 131 760 131
3371 -132 3385 -132 3385 -133 3371 -133
3309 134 3384 134 3384 135 3309 135
7342 136 7402 136 7402 137 7342 137
-2497 -138 -2461 -138 -2461 -139 -2497 -139
-4987 -140 -4964 -140 -4964 -141 -4987 -141
-3606 142 -3536 142 -3536 143 -3606 143
-5871 144 -5774 144 -5774 145 -5871 145
-3526 146 -3433 146 -3433 147 -3526 147
7587 -148 7647 -148 7647 -149 7587 -149
-8110 150 -8075 150 -8075 151 -8110 151
-4610 -152 -4533 -152 -4533 -153 -4610 -153
3644 154 3666 154 3666 155 3644 155
-9536 -156 -9497 -156 -9497 -157 -9536 -157
-7878 158 -7818 158 -7818 159 -7878 159
6980 -160 7073 -160 7073 -161 6980 -161
2841 -162 2850 -162 2850 -163 2841 -163
-8217 -164 -8194 -164 -8194 -165 -8217 -165
-2534 166 -2503 166 -2503 167 -2534 167
-940 -168 -870 -168 -870 -169 -940 -169
681 170 747 170 747 171 681 171
9907 -172 9964 -172 9964 -173 9907 -173
-3652 -174 -3554 -174 -3554 -175 -3652 -175
5753 176 5827 176 5827 177 5753 177
-8487 178 -8427 178 -8427 179 -8487 179
209 180 232 180 232 181 209 181
9867 -182 9911 -182 9911 -183 9867 -183
2792 184 2878 184 2878 185 2792 185
7360 -186 7424 -186 7424 -187 7360 -187
5059 188 5078 188 5078 189 5059 189
160 -190 221 -190 221 -191 160 -191
4674 192 4735 192 4735 193 4674 193
-3141 -194 -3121 -194 -3121 -195 -3141 -195
1149 -196 1212 -196 1212 -197 1149 -197
6903 198 6978 198 6978 199 6903 199
0
