26 13
509 645 113 541 883 675 169 261 35 710 305 255 364 
853 934 841 736 295 738 551 960 136 182 689 695 758 
693 940 747 431 93 889 950 819 609 546 594 882 700 
715 769 804 429 131 809 674 175 588 20 967 252 791 
244 300 628 537 647 936 680 176 323 948 810 556 39 
842 657 591 564 799 503 866 699 151 628 813 805 993 
618 876 621 3 174 795 315 327 599 436 563 842 166 
675 228 630 906 2 210 760 12 693 251 854 27 892 
653 915 399 390 503 858 563 51 763 680 942 919 823 
287 632 300 657 875 139 668 198 561 763 109 73 291 
599 949 485 755 297 245 635 336 11 621 27 994 73 
932 843 964 375 998 186 323 838 723 923 514 354 652 
352 900 538 842 213 35 722 926 75 881 712 55 227 
528 712 550 481 799 994 23 235 484 459 936 198 253 
307 570 128 709 347 3 775 490 359 832 593 859 660 
872 203 688 48 324 981 484 126 487 341 349 943 891 
88 751 363 717 832 369 897 582 813 888 828 572 132 
435 537 392 148 711 864 502 628 106 853 331 827 64 
46 818 855 189 516 387 122 346 824 396 631 638 250 
574 497 553 880 683 63 327 149 704 786 13 365 613 
681 938 456 233 71 209 446 811 454 546 81 32 239 
727 163 506 714 304 377 840 69 682 964 339 579 225 
650 229 398 859 762 673 471 68 153 655 188 136 273 
1 337 519 379 23 109 230 265 852 780 685 462 945 
198 928 913 614 72 866 873 303 241 21 236 27 279 
848 220 902 638 132 445 999 81 482 331 233 783 262 
