24 8
282 636 406 59 863 715 279 728 
254 479 149 457 298 836 729 622 
259 309 751 67 676 891 904 812 
15 270 170 568 583 753 404 586 
404 514 237 869 83 889 3 473 
389 539 328 907 587 625 482 192 
21 395 759 745 411 522 563 496 
345 817 867 164 633 843 741 720 
611 42 794 762 456 128 827 28 
988 731 769 757 861 267 167 758 
366 995 496 272 975 867 591 74 
471 510 439 943 527 333 442 906 
868 345 801 212 603 828 508 404 
682 278 15 715 110 752 660 479 
595 426 325 2 332 915 984 649 
161 558 265 904 396 207 19 795 
13 125 858 855 826 962 682 197 
179 972 85 273 199 451 317 89 
85 175 678 65 914 625 417 300 
660 942 2 422 843 215 461 205 
557 258 838 914 95 82 456 169 
860 387 871 89 672 501 362 97 
83 906 670 768 232 533 629 279 
287 224 179 646 145 289 435 733 
