1 1
10 10
179 8 71 44 27 153 190 192 110 178 
193 105 83 166 123 119 129 2 170 164 
18 198 9 140 88 27 132 161 194 129 
45 55 173 13 138 148 26 100 122 54 
36 43 83 161 109 170 85 135 22 67 
180 94 115 143 81 48 32 107 133 109 
126 100 106 65 19 176 145 53 140 176 
19 118 3 7 121 96 137 139 42 8 
178 126 80 52 148 147 33 100 197 33 
86 132 103 26 69 200 84 56 79 103 
57 148 73 147 196 30 154 94 117 3 
113 123 79 194 117 175 59 68 193 159 
104 47 54 86 148 146 150 165 1 157 
89 193 17 200 50 67 31 56 159 186 
107 145 43 200 131 22 179 79 145 194 
146 50 161 84 37 11 191 156 182 128 
187 112 97 28 67 12 48 95 149 125 
183 125 145 197 119 95 135 172 51 131 
38 91 188 20 136 64 100 130 7 64 
12 120 192 167 119 128 129 81 139 86 
148 190 147 166 40 55 54 47 156 68 
84 36 115 88 6 159 93 131 107 44 
5 0 0
5 10 10
