4 6
10 10
170 19 3 82 119 153 50 75 69 92 
114 149 152 140 105 120 67 160 144 184 
25 86 62 168 105 158 151 152 140 159 
36 55 128 126 120 15 106 3 8 83 
141 137 64 81 13 33 70 166 154 61 
111 142 93 5 123 57 156 21 130 196 
157 112 98 37 164 124 176 100 173 30 
98 10 104 39 22 170 8 157 133 138 
178 138 196 64 182 138 160 76 38 95 
144 26 41 37 8 20 7 157 177 57 
41 82 41 79 160 85 67 186 83 40 
135 66 109 37 119 86 164 28 119 138 
9 46 138 33 104 109 116 75 39 64 
59 142 95 104 109 196 188 19 40 39 
140 139 171 159 178 78 136 71 111 124 
22 99 148 194 16 171 18 33 23 116 
102 157 160 194 62 7 181 136 101 34 
148 19 133 181 50 1 65 142 94 149 
103 168 173 160 88 170 185 14 40 120 
40 166 155 45 78 55 6 7 18 18 
89 41 24 92 45 23 20 152 42 188 
178 31 21 147 30 63 19 62 142 99 
1 6 0
3 8 0
4 2 0
3 0 0
2 2 10
3 4 10
2 5 10
2 3 10
1 6 10
1 8 10

