1 1
15 15
165 60 187 10 35 122 65 25 152 26 107 158 152 47 158 
28 35 132 20 50 93 43 58 191 164 173 82 45 104 12 
189 157 116 121 167 110 78 126 8 197 47 75 45 156 163 
82 115 82 97 146 151 133 111 43 174 122 109 85 199 137 
46 193 130 65 85 125 200 175 54 8 39 69 23 122 44 
132 194 80 62 73 196 26 20 161 139 13 135 188 41 95 
53 179 19 174 66 122 145 167 62 147 171 72 55 64 167 
92 165 157 28 114 104 121 22 196 154 60 103 56 156 134 
82 136 73 107 136 42 172 111 158 40 59 35 37 61 168 
13 199 99 171 57 137 119 121 178 109 169 11 87 197 44 
78 46 175 195 182 144 12 14 9 2 110 79 157 111 132 
143 97 94 183 102 180 23 50 95 49 180 123 8 100 26 
20 90 141 156 17 45 2 4 103 113 177 57 40 172 125 
167 9 199 116 161 151 182 145 63 117 51 199 167 120 130 
144 45 180 66 144 42 62 104 118 166 169 92 68 125 181 
24 194 123 90 4 110 7 80 139 186 152 4 58 59 91 
66 94 181 112 150 147 25 15 48 52 73 198 10 174 41 
167 147 162 53 91 9 30 42 105 105 155 110 20 14 53 
39 80 195 20 124 187 80 13 78 3 6 144 52 91 131 
183 113 45 148 59 62 110 197 126 158 133 50 128 102 162 
19 179 57 38 185 173 77 21 60 177 63 142 56 20 127 
71 139 144 75 64 38 138 172 142 31 172 51 180 27 146 
162 89 68 45 146 108 46 105 7 160 49 46 101 39 134 
41 74 48 153 80 32 48 75 48 1 18 85 15 57 150 
172 8 129 146 39 58 49 84 105 55 147 139 7 141 184 
56 8 22 20 95 56 88 72 189 27 180 99 82 81 63 
127 83 110 34 140 174 62 98 96 60 147 71 193 21 110 
141 192 15 127 20 6 45 173 127 59 55 52 79 74 77 
74 173 166 27 15 129 155 27 24 110 124 182 2 26 105 
64 127 94 76 158 26 82 23 24 137 30 176 126 104 112 
199 77 120 24 14 46 89 117 37 66 197 37 24 32 104 
143 170 114 176 153 141 67 137 177 33 49 85 20 112 122 
10 0 0
10 15 15
