2 5
10 10
150 104 187 132 151 25 106 144 124 58 
4 97 50 46 140 177 138 32 5 119 
7 185 29 10 94 68 116 124 136 178 
117 182 168 68 90 183 117 20 100 76 
151 66 153 182 193 48 188 110 123 180 
171 66 44 145 92 188 185 188 69 119 
33 78 189 193 173 7 166 158 199 125 
62 155 9 71 170 13 59 21 58 101 
25 35 43 124 114 113 55 158 65 148 
77 40 105 194 128 8 51 168 71 89 
151 68 42 20 148 153 71 78 176 117 
7 12 78 36 157 46 26 11 88 78 
69 165 116 39 81 21 133 173 156 24 
135 65 133 63 29 121 95 39 160 17 
104 153 3 84 104 48 120 96 123 135 
173 189 21 46 196 83 56 136 45 191 
151 126 4 172 103 41 34 184 138 41 
44 166 51 17 126 69 121 15 197 74 
21 4 175 3 105 176 19 110 38 170 
152 85 28 114 62 19 38 87 143 11 
54 56 28 92 122 132 103 23 129 167 
124 108 72 42 37 111 122 194 186 15 
5 8 0
7 2 0
4 4 10
3 8 10
3 6 10
1 5 10
1 1 10
