2 2
6 13
164 59 107 17 36 114 143 13 29 77 17 12 71 
29 160 157 138 135 196 146 76 6 136 13 197 88 
145 15 140 40 142 168 112 1 110 37 22 77 50 
117 77 89 79 170 50 169 105 112 148 162 144 62 
40 179 180 31 131 51 112 88 144 41 32 151 87 
174 137 8 178 107 109 182 110 1 148 164 142 124 
121 89 38 127 81 133 82 150 4 102 29 110 177 
152 33 101 172 169 26 
57 46 152 88 114 8 
153 136 38 15 161 2 
7 135 57 96 111 135 
165 75 7 48 186 141 
106 93 169 174 197 49 
30 8 163 76 95 153 
2 35 189 68 167 82 
147 142 90 34 161 81 
41 155 88 178 174 8 
131 11 167 149 115 184 
1 49 110 169 132 171 
36 189 5 198 41 49 
102 164 194 187 149 67 
3 1 0
5 3 0
6 2 13
2 3 13
