100 3
36135 55732
45709 53683
26270 48783
7209 55801
6892 25299
39319 45851
37512 45116
585 45030
26745 61494
2219 12239
14030 47819
24365 38802
42477 53567
50831 62223
14417 21170
24228 36649
13646 53327
61258 65022
1611 21875
36999 50797
24419 62195
783 38333
30640 61759
3811 17820
5162 52839
6667 44185
2297 52269
57505 63418
12013 63615
29446 36975
24590 34119
46195 64684
20028 33974
19171 61479
53082 54912
18486 61143
1070 51430
4402 9251
17912 59780
46996 57717
11453 39919
13585 32353
7660 28282
14146 37474
11835 19007
11983 64980
16936 64262
1216 1875
31364 59812
722 10372
36852 52702
24187 49854
42594 46821
39122 45386
35958 56897
10088 60723
47784 55720
26695 26730
4590 37819
53890 55014
37568 47845
18310 43378
25046 47369
37009 55016
16704 62799
13167 28815
2981 14928
41525 42517
35104 53536
11254 64253
4271 17986
5997 60568
48171 64164
6396 65336
9921 61567
65299 65383
42537 52246
21592 57325
12390 15954
1628 52673
45001 65456
2449 43326
15528 19436
34907 65205
22646 43736
22005 60851
48646 55926
3453 16028
42000 58727
9504 34473
39212 42576
15116 48283
41923 62931
30973 35162
15925 21203
12975 55332
19445 53311
11851 24400
14029 33075
25062 65141
