200 3
12173 13430
1911 53884
2422 48653
8209 26250
29978 56959
6405 21763
32043 32999
14354 43205
1933 52376
20183 42457
56354 58418
39946 54371
23826 51658
53824 57476
2811 13721
56220 57293
46821 58742
12888 52329
21503 23298
30626 46172
58840 62416
12335 23968
15110 37808
23621 53569
17909 30523
1613 23154
32394 44073
20375 39407
26713 31600
4994 15747
13501 46629
51354 56334
951 51704
1118 14694
28778 55466
49394 64206
20397 21467
7687 47800
7766 34732
3590 12994
45856 59457
18483 52023
19191 62295
5971 8338
1893 63049
269 10955
48148 50029
38653 56677
13054 38737
3123 19864
23365 41416
8430 62659
16831 48073
11825 60791
2486 64403
42732 64897
41686 53807
19988 54637
55621 64819
2735 50348
37230 58221
8917 49463
31139 64032
11908 39393
14383 37979
16833 31718
16655 55596
21575 60760
50363 55099
18757 33302
28264 59250
33816 34349
19770 27441
9997 10440
12683 34036
1658 17725
22516 22956
1235 48540
17911 57087
36403 55377
39875 56046
44361 52958
21431 33848
32759 61286
44316 60937
27052 39672
22528 37123
8066 11420
33164 47707
27160 38175
3571 31681
14238 14637
44887 54517
21204 25856
17152 38251
803 14698
14114 39922
42680 43364
29948 57469
17007 46154
46211 51935
37102 64362
5623 57888
3794 23801
39848 41501
35370 46666
58238 65513
27967 48422
18313 56743
23892 65461
1050 46935
31999 58194
24846 62196
2348 37674
16663 22801
36300 51641
25718 53386
53106 65489
42509 65111
42256 60938
1309 24377
54845 62497
16475 65164
2344 33580
2248 11220
25541 36633
5524 52678
22121 47415
55041 64715
6665 20892
45616 58141
1235 13499
20550 49159
6735 51176
18683 44608
30128 40491
24261 24360
31049 33404
5616 59797
3937 49930
56598 56777
6104 19022
20773 64590
53544 57120
39537 64080
38871 55553
15889 57383
1481 26334
57032 61138
41056 57764
58994 64378
4874 21719
57163 57739
24884 31300
37844 56508
7778 16920
12452 63397
16100 64712
13854 43248
19613 33663
35611 46615
12910 54354
63084 64972
59738 65348
48626 54084
25982 44539
30272 51078
5507 7028
6266 13032
23583 48169
12217 38304
20908 28833
25016 62324
52098 60610
43999 47516
13459 61528
13209 47063
21640 56228
4345 44453
10215 42333
22205 37046
47896 59471
11782 40467
14664 65450
8719 33236
2839 65005
30276 41708
53024 56473
42888 55885
54813 58015
43359 60587
14280 21692
6657 62406
18073 20819
3401 65392
42470 48257
9789 40545
19182 39856
21380 58035
8924 20161
