300 3
19692 30875
15604 42176
10047 48532
22679 29256
36689 54408
47889 59491
5560 25946
1608 7279
7518 62088
14180 49334
7344 41499
1124 45378
23488 25654
34517 53772
23043 29814
13904 41961
5121 42485
16113 27641
23001 28902
40339 60369
52345 54279
49295 54189
11394 34535
1778 64661
25149 48533
8646 20229
25213 33260
25510 45503
29965 50631
23539 35709
18790 59764
24308 40505
25751 54140
16207 57245
4982 38540
4201 57097
31340 46172
9075 28531
28415 31050
39622 41325
328 12939
45408 55186
36338 36434
22114 48499
24018 51432
25666 49479
1107 40283
23038 37414
10662 62726
17811 56184
37257 44258
48065 51606
46393 49736
9812 63086
1610 63803
10243 26376
367 32072
43682 60733
49468 62707
20342 40398
56157 58651
12320 21595
5995 64857
11703 28600
10788 51820
11637 20260
33941 59189
5776 9428
40888 60353
10068 28619
7953 59354
15261 60096
10318 45828
19919 36626
1015 9729
20191 63267
63065 63110
3286 20673
11481 33045
40416 53631
2316 57223
3757 54839
38152 43241
30554 62094
31425 43202
624 19678
3875 9511
2839 35174
58740 59132
35994 62127
21497 50038
3783 7065
1062 13465
22498 39499
2898 43943
23914 51927
17748 35886
15603 47177
29691 29874
21706 31850
5440 35630
47556 49370
60330 63948
13977 40221
12946 19025
6028 30426
28284 55273
20038 49256
13268 42260
13649 13883
3451 37949
6357 56722
14836 62521
18430 59636
22028 29125
12410 26909
19923 48437
31934 47522
7009 34010
41197 42352
22912 26106
25577 40352
9442 33224
14451 38600
50728 58370
17025 39044
10472 57105
2063 26642
1920 7652
1998 64392
1933 22430
29912 56971
17291 53401
10080 24708
22064 48188
669 46113
28694 40688
51342 61300
40330 45700
19441 25703
37145 41018
21107 59253
8006 35910
5318 32505
1053 33244
24392 24688
26334 62381
3354 59851
2403 2862
28844 60366
12467 57635
39494 48358
13867 22573
32269 64275
41895 57017
35099 54586
47138 58131
8638 18374
42069 53742
53351 63272
56215 60196
46837 60017
8421 27870
1015 57465
32139 36754
10269 24916
49964 55584
11263 38389
18593 49051
5213 57303
43160 64729
62333 64004
56808 57017
39163 39471
41014 55733
25458 30322
28489 38703
18794 33353
12717 49908
4644 53806
1937 40714
3148 49102
8666 46530
26594 37255
8250 53068
19363 29931
23764 60476
11345 44508
12502 57743
31592 52418
18143 43384
10715 55089
26155 42455
31995 52467
20090 25724
25965 49519
15319 62978
2000 49652
33594 36445
32212 59909
40740 49122
597 23336
3283 6202
14299 53454
5968 43520
17448 64938
36682 44043
17598 38554
756 17206
28836 40642
32967 37834
35189 47848
10685 32235
12610 56957
15990 33174
14976 42260
26912 45161
20018 58399
30764 41230
19224 31275
18178 20276
2345 38988
29255 29295
29161 64815
25953 26204
6999 56340
13840 22323
376 15278
48538 60221
18467 52026
44360 54148
52588 52607
47672 53160
38427 63553
36712 40445
1708 48546
17699 49345
13632 39714
52165 53892
10908 65535
1957 21481
25203 25308
23318 24005
31959 64688
6257 26053
17488 60828
30464 41639
737 14669
51064 64357
50088 58692
9239 27976
11369 62895
23491 53606
34506 39197
37573 44827
275 58143
7025 16633
1171 8140
41417 47457
19029 32634
11132 60699
14107 31138
2571 28257
9975 42678
3504 29087
13537 27761
44323 61396
3897 21434
4554 48911
5339 46204
56037 63074
10446 45406
1110 55502
15131 27859
37725 52387
45232 46495
14959 54874
21227 27188
6944 38860
20466 29125
15836 58408
44240 53773
22957 30290
46689 48331
26308 63228
18955 41973
41651 54176
51481 59841
8371 29656
55320 62258
2299 53809
1478 59792
19269 23637
39985 53299
3138 64180
1892 60217
22712 23831
20170 57876
22041 31787
47680 60629
