100 3
477 203
660 4677
915 6234
679 2884
683 5440
334 4758
944 4872
869 5227
577 1428
284 4619
891 4042
854 1230
850 6802
822 5870
87 4769
554 878
465 755
79 1542
587 7962
450 6453
993 2888
255 8709
922 4926
900 1581
260 899
114 7962
930 1587
225 9786
494 8221
649 6142
319 5899
792 3821
705 8607
238 3784
983 9858
802 7730
785 2812
659 9035
621 9346
253 577
231 963
514 8597
80 721
108 2190
840 5072
195 5152
171 4159
28 4683
845 8121
51 3955
429 6971
670 2771
562 9011
82 9296
129 4909
554 6654
122 1756
523 133
389 3451
984 4594
527 1617
813 6670
533 1366
118 3758
804 5656
990 3951
462 5500
631 9519
190 53
533 5164
974 1237
584 6589
156 4167
421 1058
649 8472
507 5037
949 3498
863 1037
267 4326
7 7071
952 7252
838 1619
899 3868
724 9951
891 346
419 4422
123 8484
681 8422
687 5547
585 4740
931 2242
120 6664
392 5585
104 1784
750 3769
582 6373
784 9877
940 4152
226 2726
630 75
