500 3
10183 12658
23621 58938
15647 33410
7801 19088
23223 46742
26556 31535
21426 34107
22550 38429
12908 63842
44540 61730
26694 60635
7855 49653
20370 32306
2453 52198
13964 37374
4035 4575
28319 44129
29723 45134
3829 48071
18442 25329
18239 49116
19430 55160
26042 29145
25017 30285
30097 53474
36672 44178
28920 57147
3457 49439
39422 50485
1810 39734
41164 64318
13213 54419
19361 36520
40543 53483
33483 59134
19263 44901
38091 65444
10696 44707
31463 38281
26686 31029
26131 51472
40712 59964
1068 3093
13341 29310
3224 38166
24578 48246
12879 33145
17168 43154
29487 30452
8328 37929
13470 39996
29927 48559
10480 46439
53581 58453
1970 41441
36041 39493
427 6975
13297 26899
62193 64104
10434 56933
30554 42734
29755 34656
13835 41930
1745 9656
6557 19456
12831 23567
38272 59006
54381 57587
2173 51559
39662 56229
5115 64788
5222 14590
26232 43108
5935 32115
37730 62506
23660 47719
1947 7795
5334 60008
20809 52985
16891 29047
14076 63693
52843 52966
2679 9423
41635 51951
30696 44094
25516 31522
28941 35812
7992 25038
6900 45330
50951 52904
11668 39255
37892 61483
23390 30387
8385 52787
6881 50749
20310 41372
22607 39783
4373 31382
31327 31840
12645 40023
29227 57347
610 46978
12538 14928
12117 18225
3429 54804
21909 30756
22236 33961
15506 18745
2554 63847
46707 58329
18638 30123
57814 64447
1340 7992
12614 55684
19053 56336
5030 48329
12776 28451
23845 32318
46383 60668
34078 58706
4732 39370
5187 24078
39995 41263
5896 49967
37576 53318
18546 36965
4579 36992
20782 43197
22093 42694
56080 63792
41312 47405
64041 65040
27863 45302
21475 51961
585 11610
3530 5005
32919 50405
15067 34349
1728 42473
25183 26021
28278 62387
1294 34069
55478 58935
39147 46491
8809 24122
19465 23954
2089 28375
25140 60791
5296 35028
7371 19221
61295 64082
18039 41299
40453 63526
22536 42852
38942 39223
14734 58419
34395 45926
1767 36572
15784 20605
33014 60159
36474 60347
4129 17484
6723 36261
12844 14122
22315 26134
17203 24267
9638 51441
50310 52691
2709 17102
12631 18872
2153 4882
37774 40560
20431 39702
9319 50908
10354 43435
3922 23415
35208 62287
13910 28655
44420 46029
37617 52440
17426 40447
55475 59410
4646 37390
46490 51195
13133 44775
48468 52268
13053 53295
17238 40948
29309 52266
34823 64048
3019 35096
20229 40075
25922 32345
4520 26379
25542 64392
20505 34170
36582 43554
17424 31672
7719 39554
10313 26051
38602 64741
245 34650
14434 36887
41049 63454
15698 35012
25070 63550
34503 41409
26786 44601
1194 52454
44471 65424
43743 64271
3719 59072
2967 43933
18644 22975
29475 44769
36361 41543
2068 24781
20147 36441
16023 21721
821 15391
15180 40694
41775 55172
36237 39313
42384 63403
13287 64991
31109 46093
48297 50328
440 28602
12745 59355
35387 60032
9612 63691
35613 52691
32586 45460
10402 52390
1388 52919
30481 55329
46103 59429
9298 53002
1101 28261
54771 57676
11796 35129
5375 54818
40699 58972
46433 53060
23350 35380
26577 57849
21585 57183
39997 59454
4636 28824
36069 47532
19630 62963
55988 60330
63871 64403
25240 31007
21971 57218
1487 8104
60177 61988
23569 33655
9134 27283
10412 51397
7572 18945
2419 13282
13716 64141
2531 44448
48911 65124
36233 49392
16563 40519
29320 47333
11398 26959
3172 18161
26875 30748
22800 55139
29393 29629
31216 37476
55157 59544
5779 60369
19100 27289
11721 17697
32097 44119
35674 62269
263 1827
47274 55781
16958 44800
45875 55735
24850 38532
45208 53549
25757 52075
11195 32007
24273 32663
11071 20440
12090 22419
43023 57856
47955 61447
30074 41119
2048 30344
61754 64781
30995 55513
48131 58463
6091 61874
9498 23629
3282 20114
49763 54324
26791 48018
28589 30538
8414 30454
21375 59873
42614 61466
236 57880
22411 38794
5878 17276
8871 45559
46855 60444
23786 62683
15043 53953
30542 34938
19974 55663
55688 61638
18348 33199
11441 56072
16550 35578
52786 57262
11421 16418
5197 55065
18987 42404
1761 59027
14711 16910
892 5776
22680 26916
3943 30561
12776 17820
17855 44654
16945 58226
12218 58796
24449 64032
43462 49874
14951 34021
1444 32251
14004 62480
4619 46932
27478 44974
7111 49089
4521 43833
10481 23535
16198 46939
18737 61140
39915 59399
30551 55142
20566 23083
17157 37558
45091 57046
22552 54477
17191 28518
39547 43426
849 40367
56203 57600
39211 48644
13951 32739
41711 50985
39683 63528
41380 54461
3856 25978
18811 38627
17211 31822
37108 56235
12287 15454
21005 26343
1402 25912
25980 47222
21126 36839
12587 53207
47603 57095
18383 55061
33023 49682
5546 49425
24831 43518
31126 33784
20914 49591
38120 44401
16605 64964
549 43113
31324 34817
28523 49077
17330 19549
10764 55294
29943 42151
39231 60186
1718 29703
47692 47716
14541 54744
35807 53879
27469 36634
5711 47720
5598 40402
29536 62481
11578 57049
30038 46470
8296 26722
3990 16761
33982 51787
59936 64839
7267 20573
659 27139
3347 47311
28687 29462
5417 22789
10760 14964
14313 32655
20428 27808
16436 31805
5825 65144
9630 35410
24095 56829
15930 31353
37418 62501
8223 33173
25581 31403
4609 5348
9105 57273
20207 55180
270 31683
44893 53087
42015 45212
13227 44181
7770 63203
8589 15151
12043 59954
28679 35393
55491 56343
8074 62368
33430 48092
6149 45592
47525 50824
43311 45545
12799 26629
49443 53108
21082 35308
24525 50578
9873 31764
5995 17252
13994 33041
40219 61059
28598 55642
14170 52176
14546 47830
19472 38191
20787 40916
33153 53462
2994 57605
1135 57343
40174 60774
20430 61560
9450 65321
28112 41304
17634 34023
27956 59393
13089 54611
32848 34778
43067 55814
34083 42374
27938 29174
34691 44156
15009 58109
22278 46440
17921 34499
31755 59882
39389 39917
55747 57301
5559 59665
1128 44222
24462 60969
20285 63046
25326 37131
2855 20041
50193 58959
18387 53504
9485 49322
4832 53661
39582 45353
31893 38368
40152 46094
20146 64523
26494 40569
12603 38754
317 40376
31727 52345
15488 32127
2743 57104
29715 31432
24200 28663
51889 58445
53154 60950
23138 41908
11700 26132
12195 56176
10548 40263
28987 49264
11039 39607
29279 64010
42094 56567
4582 44357
